-8.622421265867409
-8.591749470851713
-8.556145592116163
-8.516607838711302
-8.47390561244882
-8.428609815289777
-8.381132154961993
-8.33188482104986
-8.281154718649107
-8.229128492295288
-8.1760284205606
-8.122018359533987
-8.067214975533696
-8.011785380965309
-7.955833679143387
-7.899357021907818
-7.842489068102159
-7.78533708294215
-7.727936168547972
-7.670384484547071
-7.612716092502568
-7.554919172703711
-7.497099781384634
-7.439294747370887
-7.381542623098946
-7.359197987986557
-7.323874315138891
-7.266291426240207
-7.209621648336096
-7.208856349239348
-7.151605527022511
-7.094538037167891
-7.068624959620996
-7.037697556601368
-6.981061600829432
-6.9345604921452555
-6.924651756562957
-6.8685008048090594
-6.81265102887819
-6.806317193914971
-6.757124724640582
-6.701923557084069
-6.683105428398138
-6.647074013077687
-6.592572181305848
-6.5643088921465935
-6.538398299360997
-6.484602595402801
-6.4495046100416715
-6.431205035591469
-6.378220745674758
-6.338383598842792
-6.325639725484362
-6.273490239815397
-6.23061689590665
-6.221774781028333
-6.170523558477155
-6.125974926158758
-6.119759792184843
-6.069451901143724
-6.024271317335143
-6.019600547042374
-5.970226836130588
-5.9252948555907095
-5.92133983700102
-5.872965299645011
-5.8289133883287665
-5.825095335226136
-5.777748545085041
-5.735070573684491
-5.7309119248169
-5.6846349067657735
-5.643548953212783
-5.638901343842541
-5.593732542844557
-5.55421186341476
-5.549151157635997
-5.505114971362582
-5.467053158187647
-5.461663741185807
-5.41880975938116
-5.38198572137222
-5.376552840949194
-5.334935797099569
-5.298944838091796
-5.293945182153417
-5.253607667220825
-5.217915488089951
-5.213897188949004
-5.17488356361512
-5.138737062736715
-5.136556914871817
-5.098939994795491
-5.062113369895101
-5.061370782370299
-5.025914787592022
-4.9905794032448405
-4.985820489960233
-4.955881818684645
-4.92212868503743
-4.912024624976708
-4.889040755677626
-4.856993144227432
-4.8399762480982185
-4.8256987120336365
-4.795429193258007
-4.769618329463557
-4.7661669600103655
-4.737976599490424
-4.710812166888471
-4.700866395163495
-4.685344302098576
-4.660093695840561
-4.6383658356717845
-4.633739409019182
-4.616103414484924
-4.596155405104134
-4.585740969002078
-4.568167339592973
-4.562898219181296
-4.553116912984875
-4.527071963140689
-4.504147243393836
-4.502688851642188
-4.473765382915767
-4.442926275771067
-4.441665741804016
-4.409858000276309
-4.3806739936557975
-4.374881970290461
-4.3381350914165555
-4.321192629164465
-4.299644587759874
-4.263211721121704
-4.259549788329469
-4.217808467847878
-4.206697885731127
-4.174551044209376
-4.151649807921429
-4.1297565556144455
-4.098005662767999
-4.083422123827539
-4.04580590382851
-4.035603576721801
-3.99504135336013
-3.9863065229941737
-3.945715721090387
-3.9355007004730127
-3.8978729219024637
-3.883291864528492
-3.851482723481643
-3.8296148913767265
-3.806539459575524
-3.7744583168937065
-3.763061118413524
-3.72103626871491
-3.7178147043107588
-3.680527754670288
-3.65960428472998
-3.641559620756267
-3.6041789049901682
-3.5999172764776333
-3.568454757514649
-3.538784182025883
-3.534474414129196
-3.5022291292073033
-3.4760388506517894
-3.4723018380993538
-3.4435819766353206
-3.4201268878839173
-3.411858793048035
-3.392324274931963
-3.38241909107402
-3.3542443869190173
-3.3461390099845794
-3.3454913030188824
-3.3196535508541434
-3.298085480386132
-3.2787351513571372
-3.2730156432808353
-3.246500731764417
-3.218853028747306
-3.2098578776875875
-3.189890599869314
-3.159804351709637
-3.1391859004760745
-3.128764588249574
-3.0966885087883287
-3.0666806895551675
-3.063791784942046
-3.029949094041887
-2.995337096593845
-2.992562220867022
-2.960006660795569
-2.9237186064382663
-2.9164451349573
-2.8868598472942346
-2.849036812584254
-2.8387543373272037
-2.8105601769519764
-2.7714295108897464
-2.759454275173476
-2.731548941942864
-2.6910387696898455
-2.6777195269144887
-2.64984002403089
-2.608065208768678
-2.594020324058106
-2.5655882025884593
-2.5226276083367702
-2.508422530869443
-2.4791228259109723
-2.4349450773033534
-2.42033473453495
-2.3903460591011028
-2.3450250642381083
-2.3310152706826246
-2.299141868752949
-2.2527800473946287
-2.2398656832110793
-2.205896446296688
-2.1585185542644503
-2.1452185543828426
-2.1106070088519067
-2.0622868101533665
-2.048104830389977
-2.0134380472856748
-1.964296945013247
-1.9493253218735347
-1.914837476115831
-1.8646702072707988
-1.8470646260325732
-1.8139961812365617
-1.762776166770805
-1.7418242576753014
-1.711122348109145
-1.6590252498083176
-1.633505276439558
-1.6065822969921053
-1.5537187418214717
-1.5212832171350883
-1.500344089136669
-1.446955022810896
-1.40520695082569
-1.3935950801534647
-1.3397673312220828
-1.2890337644246974
-1.2853919014638144
-1.2306714505322087
-1.1755743277102169
-1.1676964102036282
-1.1199320906831294
-1.0648716647948226
-1.0499362189020738
-1.0108325468536044
-0.9571049659427902
-0.9303858236915393
-0.902762066420294
-0.847961326602025
-0.7936049040673689
-0.789168014515736
-0.7393610834587744
-0.6849800450723482
-0.630586424667797
-0.5766804529001307
-0.5476782057984216
-0.5254648238293956
-0.5192914530953179
-0.48037544902803836
-0.4632867645648404
-0.4513575203846631
-0.4462883260591714
-0.41877561249123707
-0.41307025897078714
-0.37272469599773655
-0.3603562637757734
-0.3230423628661469
-0.3074809900395232
-0.2663728315788061
-0.2565299762219491
-0.20615869172877002
-0.1971797086964302
-0.14250713086533265
-0.13047887986487441
-0.09217076644742364
-0.07258520275463197
-0.04392355884121711
-0.01536540836539894
0.015365408365397144
0.043923558841216855
0.07258520275463118
0.09217076644742284
0.1304788798648747
0.14250713086533368
0.19717970869643064
0.20615869172876913
0.2565299762219479
0.2663728315788077
0.30748099003952106
0.3230423628661418
0.3603562637757747
0.3727246959977361
0.4130702589707868
0.4187756124912353
0.44628832605917135
0.4513575203846629
0.46328676456484125
0.48037544902803475
0.5192914530953185
0.5254648238293926
0.5476782057984274
0.5766804529001271
0.6305864246677945
0.684980045072352
0.7393610834587714
0.7891680145157323
0.7936049040673671
0.8479613266020356
0.902762066420291
0.9303858236915377
0.9571049659427944
1.010832546853618
1.0499362189020744
1.064871664794826
1.1199320906831376
1.1676964102036236
1.1755743277102118
1.2306714505322112
1.2853919014638115
1.2890337644246779
1.3397673312220741
1.3935950801534622
1.405206950825699
1.4469550228108994
1.5003440891366762
1.5212832171350672
1.553718741821454
1.6065822969921046
1.6335052764395523
1.6590252498083078
1.7111223481091404
1.7418242576752847
1.7627761667708002
1.8139961812365573
1.847064626032574
1.8646702072708172
1.9148374761158327
1.9493253218735287
1.9642969450132368
2.013438047285665
2.048104830389942
2.062286810153341
2.1106070088519
2.145218554382856
2.1585185542644436
2.205896446296712
2.2398656832110753
2.252780047394634
2.2991418687529332
2.3310152706826313
2.345025064238122
2.3903460591010965
2.420334734534949
2.4349450773033867
2.4791228259109737
2.5084225308694457
2.522627608336802
2.5655882025884478
2.5940203240581337
2.6080652087686857
2.6498400240308904
2.677719526914495
2.6910387696898592
2.731548941942882
2.759454275173473
2.771429510889731
2.8105601769519377
2.8387543373272095
2.8490368125842838
2.886859847294225
2.9164451349573035
2.9237186064382255
2.9600066607956252
2.992562220867051
2.9953370965938664
3.029949094041881
3.063791784942028
3.0666806895551675
3.096688508788339
3.1287645882495734
3.1391859004760767
3.159804351709634
3.1898905998693103
3.2098578776875857
3.2188530287473314
3.2465007317643924
3.273015643280829
3.27873515135711
3.298085480386114
3.3196535508541314
3.345491303018876
3.3461390099845696
3.3542443869190137
3.3824190910740413
3.3923242749319864
3.411858793048018
3.420126887883924
3.443581976635272
3.4723018380993187
3.4760388506517907
3.5022291292072536
3.534474414129196
3.5387841820258563
3.5684547575146537
3.5999172764776195
3.6041789049901274
3.641559620756261
3.6596042847299945
3.6805277546702992
3.7178147043107472
3.7210362687149034
3.763061118413514
3.7744583168937305
3.806539459575521
3.82961489137672
3.851482723481683
3.883291864528481
3.8978729219024775
3.9355007004729967
3.9457157210903655
3.986306522994169
3.9950413533601075
4.035603576721774
4.045805903828489
4.083422123827514
4.098005662767982
4.1297565556144855
4.151649807921419
4.174551044209366
4.206697885731056
4.21780846784788
4.2595497883294575
4.263211721121683
4.29964458775988
4.321192629164504
4.338135091416541
4.3748819702904305
4.380673993655784
4.409858000276354
4.441665741803998
4.442926275771014
4.473765382915739
4.502688851642144
4.504147243393822
4.5270719631406635
4.553116912984872
4.562898219181264
4.568167339592976
4.5857409690020825
4.596155405104131
4.6161034144849316
4.633739409019178
4.638365835671769
4.660093695840582
4.6853443020985885
4.700866395163474
4.710812166888441
4.7379765994904055
4.766166960010388
4.769618329463554
4.795429193258006
4.825698712033632
4.839976248098265
4.856993144227424
4.889040755677631
4.912024624976699
4.9221286850374035
4.955881818684651
4.985820489960231
4.990579403244857
5.025914787592018
5.061370782370294
5.0621133698950915
5.098939994795513
5.136556914871802
5.1387370627367295
5.174883563615139
5.213897188949016
5.217915488089959
5.253607667220793
5.293945182153379
5.298944838091818
5.334935797099593
5.376552840949208
5.3819857213722635
5.418809759381109
5.461663741185807
5.4670531581876265
5.5051149713625955
5.54915115763606
5.5542118634147695
5.593732542844584
5.638901343842507
5.643548953212748
5.6846349067657975
5.730911924816827
5.735070573684476
5.777748545085077
5.825095335226126
5.828913388328788
5.872965299645004
5.9213398370009855
5.925294855590756
5.970226836130634
6.019600547042387
6.024271317335144
6.06945190114371
6.119759792184831
6.125974926158768
6.170523558477146
6.221774781028355
6.230616895906692
6.273490239815415
6.325639725484374
6.338383598842827
6.378220745674727
6.431205035591497
6.449504610041648
6.484602595402772
6.538398299361019
6.564308892146611
6.592572181305793
6.64707401307771
6.683105428398156
6.701923557084078
6.757124724640551
6.806317193915011
6.812651028878163
6.868500804808976
6.924651756562905
6.934560492145244
6.981061600829442
7.037697556601442
7.068624959621051
7.094538037167806
7.151605527022523
7.208856349239359
7.209621648336124
7.2662914262402
7.323874315138872
7.359197987986559
7.381542623098994
7.439294747370861
7.497099781384615
7.5549191727036815
7.612716092502525
7.67038448454712
7.727936168547994
7.78533708294213
7.842489068102152
7.8993570219077
7.955833679143396
8.0117853809653
8.067214975533725
8.122018359533955
8.176028420560577
8.229128492295258
8.281154718649088
8.331884821049888
8.381132154961994
8.428609815289882
8.47390561244886
8.516607838711277
8.556145592116177
8.591749470851642
8.622421265867391
