        7385
        7386
        7387
        7388
        7389
        7390
        7391
        7392
        7393
        7394
        7395
        7396
        7397
        7398
        7399
        7400
        7401
        7402
        7403
        7404
        7405
        7406
        7407
        7408
        7409
        7410
        7411
        7412
        7413
        7414
        7415
        7416
        7417
        7418
        7419
        7420
        7421
        7422
        7423
        7424
        7425
        7426
        7427
        7428
        7429
        7430
        7431
        7432
        7433
        7434
        7435
        7436
        7437
        7438
        7439
        7440
        7441
        7442
        7443
        7444
        7445
        7446
        7447
        7448
        7449
        7450
        7451
        7452
        7453
        7454
        7455
        7456
        7457
        7458
        7459
        7460
        7461
        7462
        7463
        7464
        7465
        7466
        7467
        7468
        7469
        7470
        7471
        7472
        7473
        7474
        7475
        7476
        7477
        7478
        7479
        7480
        7481
        7482
        7483
        7484
        7485
        7486
        7487
        7488
        7489
        7490
        7491
        7492
        7493
        7494
        7495
        7496
        7497
        7498
        7499
        7500
        7501
        7502
        7503
        7504
        7505
        7506
        7507
        7508
        7509
        7510
        7511
        7512
        7513
        7514
        7515
        7516
        7517
        7518
        7519
        7520
        7521
        7522
        7523
        7524
        7525
        7526
        7527
        7528
        7529
        7530
        7531
        7532
        7533
        7534
        7535
        7536
        7537
        7538
        7539
        7540
        7541
        7542
        7543
        7544
        7545
        7546
        7547
        7548
        7549
        7550
        7551
        7552
        7553
        7554
        7555
        7556
        7557
        7558
        7559
        7560
        7561
        7562
        7563
        7564
        7565
        7566
        7567
        7568
        7569
        7570
        7571
        7572
        7573
        7574
        7575
        7576
        7577
        7578
        7579
        7580
        7581
        7582
        7583
        7584
        7585
        7586
        7587
        7588
        7589
        7590
        7591
        7592
        7593
        7594
        7595
        7596
        7597
        7598
        7599
        7600
        7601
        7602
        7603
        7604
        7605
        7606
        7607
        7608
        7609
        7610
        7611
        7612
        7613
        7614
        7615
        7616
        7617
        7618
        7619
        7620
        7621
        7622
        7623
        7624
        7625
        7626
        7627
        7628
        7629
        7630
        7631
        7632
        7633
        7634
        7635
        7636
        7637
        7638
        7639
        7640
        7641
        7642
        7643
        7644
        7645
        7646
        7647
        7648
        7649
        7650
        7651
        7652
        7653
        7654
        7655
        7656
        7657
        7658
        7659
        7660
        7661
        7662
        7663
        7664
        7665
        7666
        7667
        7668
        7669
        7670
        7671
        7672
        7673
        7674
        7675
        7676
        7677
        7678
        7679
        7680
        7681
        7682
        7683
        7684
        7685
        7686
        7687
        7688
        7689
        7690
        7691
        7692
        7693
        7694
        7695
        7696
        7697
        7698
        7699
        7700
        7701
        7702
        7703
        7704
        7705
        7706
        7707
        7708
        7709
        7710
        7711
        7712
        7713
        7714
        7715
        7716
        7717
        7718
        7719
        7720
        7721
        7722
        7723
        7724
        7725
        7726
        7727
        7728
        7729
        7730
        7731
        7732
        7733
        7734
        7735
        7736
        7737
        7738
        7739
        7740
        7741
        7742
        7743
        7744
        7745
        7746
        7747
        7748
        7749
        7750
        7751
        7752
        7753
        7754
        7755
        7756
        7757
        7758
        7759
        7760
        7761
        7762
        7763
        7764
        7765
        7766
        7767
        7768
        7769
        7770
        7771
        7772
        7773
        7774
        7775
        7776
        7777
        7778
        7779
        7780
        7781
        7782
        7783
        7784
        7785
        7786
        7787
        7788
        7789
        7790
        7791
        7792
        7793
        7794
        7795
        7796
        7797
        7798
        7799
        7800
        7801
        7802
        7803
        7804
        7805
        7806
        7807
        7808
        7809
        7810
        7811
        7812
        7813
        7814
        7815
        7816
        7817
        7818
        7819
