 -4.1425228E-06
 -3.7848949E-06
 -3.8892031E-06
 -3.5166740E-06
 -3.1366944E-06
 -2.9951334E-06
 -2.6300550E-06
 -2.1159649E-06
 -1.6503036E-06
 -1.3709068E-06
 -6.0722232E-07
 -6.4261258E-08
  5.9232116E-07
  1.3187528E-06
  1.8179417E-06
  2.4288893E-06
  2.6747584E-06
  3.1292439E-06
  3.3453107E-06
  3.7848949E-06
  3.8594007E-06
  4.1723251E-06
  4.0382147E-06
  4.3213367E-06
  4.3213367E-06
  4.2170286E-06
  4.1425228E-06
  3.9488077E-06
  3.8370490E-06
  3.3304095E-06
  3.0770898E-06
  2.6822090E-06
  2.1606684E-06
  1.4342368E-06
  6.8917871E-07
  2.3283064E-09
 -7.8789890E-07
 -1.4081597E-06
 -1.9744039E-06
 -2.6673079E-06
 -2.9355288E-06
 -3.6358833E-06
 -3.6805868E-06
 -3.9190054E-06
 -3.8444996E-06
 -4.0233135E-06
 -4.3064356E-06
 -4.0680170E-06
 -4.0084124E-06
 -4.1127205E-06
 -3.6358833E-06
 -3.5017729E-06
 -3.3304095E-06
 -2.8684735E-06
 -2.5108457E-06
 -1.9893050E-06
 -1.5087426E-06
 -1.0877848E-06
 -5.9604645E-07
 -9.0105459E-08
  5.9232116E-07
  1.0989606E-06
  1.5944242E-06
  2.1681190E-06
  2.5629997E-06
  3.0919909E-06
  3.4496188E-06
  3.5911798E-06
  3.7401915E-06
  4.0531158E-06
  4.0680170E-06
  4.3958426E-06
  4.5895576E-06
  4.0978193E-06
  4.3213367E-06
  4.2170286E-06
  4.0680170E-06
  3.7848949E-06
  3.3602118E-06
  2.7045608E-06
  2.3841858E-06
  1.7136335E-06
  8.5495412E-07
  2.7241185E-08
 -9.4436109E-07
 -1.6018748E-06
 -2.3171306E-06
 -2.9951334E-06
 -3.1888485E-06
 -3.4049153E-06
 -3.9935112E-06
 -4.0978193E-06
 -4.1723251E-06
 -4.2170286E-06
 -4.3362379E-06
 -4.0829182E-06
 -4.0978193E-06
 -4.2319298E-06
 -3.8892031E-06
 -3.3229589E-06
 -3.0845404E-06
 -3.0100346E-06
 -2.4735928E-06
 -1.8626451E-06
 -1.6465783E-06
 -9.6857548E-07
 -5.7928264E-07
 -2.7939677E-09
  5.5506825E-07
  1.1436641E-06
  1.7993152E-06
  2.0340085E-06
  2.6300550E-06
  2.9280782E-06
  3.2484531E-06
  3.3080578E-06
  3.6805868E-06
  3.9339066E-06
  3.9935112E-06
  3.9935112E-06
  4.3213367E-06
  4.2766333E-06
  4.5150518E-06
  4.2766333E-06
  4.0382147E-06
  4.2319298E-06
  3.7327409E-06
  3.3006072E-06
  2.7641654E-06
  1.7620623E-06
  9.3504786E-07
  5.4482371E-08
 -1.0188669E-06
 -1.9222498E-06
 -2.6971102E-06
 -3.2186508E-06
 -3.4272671E-06
 -3.9339066E-06
 -4.1276217E-06
 -4.2915344E-06
 -4.4703484E-06
 -4.4703484E-06
 -4.3213367E-06
 -4.2915344E-06
 -3.9637089E-06
 -3.7401915E-06
 -3.8892031E-06
 -3.4719706E-06
 -3.1292439E-06
 -2.6449561E-06
 -2.2128224E-06
 -1.8700957E-06
 -1.4603138E-06
 -9.9092722E-07
 -5.7183206E-07
  3.4226105E-08
  5.3830445E-07
  1.1175871E-06
  1.7508864E-06
  2.0116568E-06
  2.3916364E-06
  2.9802322E-06
  3.2037497E-06
  3.5017729E-06
  3.5017729E-06
  3.9786100E-06
  4.1872263E-06
  4.5895576E-06
  4.5001507E-06
  4.8279762E-06
  4.7087669E-06
  4.9173832E-06
  4.7385693E-06
  4.5746565E-06
  4.4256449E-06
  3.7699938E-06
  3.0249357E-06
  2.0898879E-06
  1.3317913E-06
  1.2409873E-07
 -1.0430813E-06
 -2.1383166E-06
 -3.0398369E-06
 -3.8146973E-06
 -4.2468309E-06
 -4.3958426E-06
 -4.5001507E-06
 -4.4852495E-06
 -4.8279762E-06
 -4.3809414E-06
 -4.2617321E-06
 -4.4405460E-06
 -4.3809414E-06
 -3.9786100E-06
 -3.5911798E-06
 -3.5166740E-06
 -3.0547380E-06
 -2.7567148E-06
 -2.4288893E-06
 -1.8998981E-06
 -1.4342368E-06
 -1.0691583E-06
 -5.7183206E-07
 -1.3760291E-07
  5.9604645E-07
  9.8347664E-07
  1.5497208E-06
  1.9744039E-06
  2.3618340E-06
  2.7269125E-06
  3.1739473E-06
  3.4570694E-06
  3.7997961E-06
  4.5299530E-06
  4.2766333E-06
  4.7236681E-06
  4.7832727E-06
  4.9024820E-06
  5.1110983E-06
  4.8726797E-06
  5.1259995E-06
  5.0216913E-06
  4.8279762E-06
  4.4927001E-06
  3.7401915E-06
  2.9057264E-06
  1.5869737E-06
  2.1187589E-07
 -1.6279519E-06
 -2.6598573E-06
 -3.5166740E-06
 -4.3362379E-06
 -4.4554472E-06
 -4.7832727E-06
 -5.3048134E-06
 -5.1110983E-06
 -4.9620867E-06
 -4.8726797E-06
 -4.4405460E-06
 -4.6491623E-06
 -4.0829182E-06
 -3.7252903E-06
 -3.8444996E-06
 -3.4123659E-06
 -3.0547380E-06
 -2.8833747E-06
 -2.5108457E-06
 -2.0340085E-06
 -1.5459955E-06
 -1.0170043E-06
 -6.5378845E-07
 -3.8649887E-08
  4.8242509E-07
  9.0524554E-07
  1.4901161E-06
  2.1010637E-06
  2.3841858E-06
  2.8386712E-06
  3.0845404E-06
  3.4868717E-06
  3.7848949E-06
  4.2170286E-06
  4.4256449E-06
  4.5597553E-06
  4.6789646E-06
  4.9620867E-06
  5.1110983E-06
  5.4687262E-06
  5.2452087E-06
  5.3942204E-06
  5.2154064E-06
  5.1558018E-06
  4.6864152E-06
  3.4719706E-06
  1.8775463E-06
  4.5169145E-08
 -1.8626451E-06
 -3.3304095E-06
 -4.5001507E-06
 -5.3197145E-06
 -5.3644180E-06
 -5.3942204E-06
 -5.4687262E-06
 -5.1707029E-06
 -5.5879354E-06
 -4.6193600E-06
 -4.8130751E-06
 -4.5895576E-06
 -4.3511391E-06
 -4.3362379E-06
 -3.8146973E-06
 -3.7103891E-06
 -2.9355288E-06
 -2.7790666E-06
 -2.3469329E-06
 -1.9446015E-06
 -1.5273690E-06
 -1.1622906E-06
 -4.8615038E-07
  7.1246177E-08
  6.2584877E-07
  1.1101365E-06
  1.4752150E-06
  2.0340085E-06
  2.5182962E-06
  2.7492642E-06
  3.2186508E-06
  3.7103891E-06
  3.9339066E-06
  3.9935112E-06
  4.2021275E-06
  4.8428774E-06
  5.2750111E-06
  5.0961971E-06
  5.8263540E-06
  5.9604645E-06
  6.2286854E-06
  6.1094761E-06
  6.5565109E-06
  6.1690807E-06
  5.0663948E-06
  4.1723251E-06
  2.3618340E-06
  7.7998266E-08
 -2.3618340E-06
 -3.7774444E-06
 -4.8130751E-06
 -6.1690807E-06
 -6.3329935E-06
 -5.8114529E-06
 -6.0051680E-06
 -5.6028366E-06
 -5.8263540E-06
 -5.2452087E-06
 -4.9769878E-06
 -4.6342611E-06
 -4.4703484E-06
 -4.3064356E-06
 -4.0531158E-06
 -3.5911798E-06
 -3.1292439E-06
 -2.6822090E-06
 -2.3171306E-06
 -1.7583370E-06
 -1.4305115E-06
 -1.0542572E-06
 -5.2526593E-07
  2.6542693E-08
  4.9360096E-07
  8.6426735E-07
  1.3411045E-06
  1.8998981E-06
  2.4065375E-06
  2.9653311E-06
  3.1292439E-06
  3.7699938E-06
  3.7550926E-06
  4.2915344E-06
  4.3809414E-06
  4.7236681E-06
  5.0216913E-06
  5.3942204E-06
  5.8263540E-06
  6.1094761E-06
  6.3478947E-06
  7.2270632E-06
  6.8247318E-06
  6.4074993E-06
  6.5118074E-06
  6.6161156E-06
  4.5225024E-06
  1.3259705E-07
 -4.3436885E-06
 -6.4671040E-06
 -6.3925982E-06
 -6.2435865E-06
 -6.8396330E-06
 -6.6757202E-06
 -6.0200691E-06
 -5.8412552E-06
 -5.5283308E-06
 -5.1856041E-06
 -5.1558018E-06
 -4.7385693E-06
 -4.5746565E-06
 -4.4256449E-06
 -3.9041042E-06
 -3.5464764E-06
 -3.2484531E-06
 -2.8014183E-06
 -2.4959445E-06
 -1.8924475E-06
 -1.3336539E-06
 -9.4622374E-07
 -3.2037497E-07
 -4.6566129E-09
  5.4016709E-07
  9.1642141E-07
  1.4454126E-06
  2.1681190E-06
  2.2649765E-06
  2.6971102E-06
  3.1590462E-06
  3.8295984E-06
  3.9637089E-06
  4.2170286E-06
  4.6640635E-06
  4.7981739E-06
  5.2452087E-06
  5.6028366E-06
  5.8710575E-06
  6.1392784E-06
  6.5267086E-06
  7.1823597E-06
  6.5565109E-06
  7.5846910E-06
  1.0102987E-05
  8.2701445E-06
  3.7625432E-06
  1.6088597E-07
 -3.5837293E-06
 -8.4638596E-06
 -1.0266900E-05
 -7.2866678E-06
 -5.9604645E-06
 -6.9737434E-06
 -6.1690807E-06
 -5.8114529E-06
 -5.3942204E-06
 -5.6028366E-06
 -4.7385693E-06
 -4.7683716E-06
 -4.4554472E-06
 -4.0531158E-06
 -3.8295984E-06
 -3.5613775E-06
 -3.1143427E-06
 -2.7567148E-06
 -2.3841858E-06
 -1.8626451E-06
 -1.2964010E-06
 -1.0319054E-06
 -4.6566129E-07
  9.7323209E-08
  4.6566129E-07
  8.9406967E-07
  1.6465783E-06
  1.9818544E-06
  2.3096800E-06
  2.8461218E-06
  3.1739473E-06
  3.4421682E-06
  4.1425228E-06
  4.3213367E-06
  4.5299530E-06
  4.6938658E-06
  5.0961971E-06
  5.4538250E-06
  5.6028366E-06
  5.6624413E-06
  6.9141388E-06
  6.1690807E-06
  5.9902668E-06
  1.0341406E-05
  1.0028481E-05
  3.4868717E-06
  3.3229589E-06
  7.0780516E-08
 -3.2931566E-06
 -3.3676624E-06
 -1.0281801E-05
 -9.9241734E-06
 -6.0796738E-06
 -6.4373016E-06
 -6.4074993E-06
 -5.5730343E-06
 -5.6922436E-06
 -5.2452087E-06
 -4.8577785E-06
 -4.3362379E-06
 -4.3362379E-06
 -4.2617321E-06
 -3.8146973E-06
 -3.3974648E-06
 -3.2782555E-06
 -2.6822090E-06
 -2.5629997E-06
 -2.0563602E-06
 -1.5720725E-06
 -1.2069941E-06
 -5.1409006E-07
  4.7264621E-08
  5.1409006E-07
  1.0877848E-06
  1.5050173E-06
  2.0265579E-06
  2.4139881E-06
  2.8759241E-06
  2.8610229E-06
  3.3974648E-06
  3.7103891E-06
  3.9339066E-06
  4.0531158E-06
  4.5299530E-06
  4.8875809E-06
  5.2750111E-06
  5.3644180E-06
  5.3644180E-06
  6.3478947E-06
  4.6491623E-06
  5.9902668E-06
  1.1265278E-05
  3.3676624E-06
  5.2750111E-06
  3.2395124E-05
 -2.2468157E-07
 -3.2350421E-05
 -5.3346157E-06
 -3.4570694E-06
 -1.0430813E-05
 -5.5730343E-06
 -5.4836273E-06
 -6.4074993E-06
 -5.3346157E-06
 -4.9173832E-06
 -4.9173832E-06
 -5.0365925E-06
 -4.7087669E-06
 -4.1127205E-06
 -3.9041042E-06
 -4.0233135E-06
 -3.6507845E-06
 -3.1888485E-06
 -2.7567148E-06
 -2.6673079E-06
 -2.0340085E-06
 -1.4528632E-06
 -1.1660159E-06
 -5.9604645E-07
 -1.3969839E-08
  5.8673322E-07
  1.0281801E-06
  1.5571713E-06
  2.1010637E-06
  2.4810433E-06
  2.6226044E-06
  3.3229589E-06
  3.6507845E-06
  4.0680170E-06
  4.2170286E-06
  4.4405460E-06
  4.3809414E-06
  4.2617321E-06
  4.4405460E-06
  5.0961971E-06
  4.9471855E-06
  5.7220459E-06
  4.3213367E-06
  4.9471855E-06
  9.0897083E-06
 -4.5895576E-06
  1.2576580E-05
  6.9797039E-05
  3.1839591E-07
 -6.9752336E-05
 -1.2755394E-05
  5.4240227E-06
 -8.7022781E-06
 -4.5597553E-06
 -3.4868717E-06
 -5.4836273E-06
 -4.7683716E-06
 -4.8279762E-06
 -4.8279762E-06
 -4.6491623E-06
 -4.3213367E-06
 -3.8146973E-06
 -4.0829182E-06
 -3.5762787E-06
 -3.4123659E-06
 -3.3825636E-06
 -2.8312206E-06
 -2.4437904E-06
 -2.0116568E-06
 -1.4081597E-06
 -9.8720193E-07
 -4.2840838E-07
  9.0338290E-08
  3.8556755E-07
  9.5739961E-07
  1.5571713E-06
  2.1383166E-06
  2.2500753E-06
  2.6226044E-06
  3.1739473E-06
  3.4719706E-06
  3.9488077E-06
  4.2021275E-06
  4.2617321E-06
  4.1127205E-06
  4.1127205E-06
  4.2915344E-06
  3.7252903E-06
  3.6358833E-06
  4.2617321E-06
  2.0265579E-06
  2.1457672E-06
  6.2584877E-06
 -8.7916851E-06
 -2.7120113E-06
  4.2453408E-05
  8.1793405E-07
 -4.1708350E-05
  2.5928020E-06
  8.9704990E-06
 -5.7518482E-06
 -2.4139881E-06
 -1.6689301E-06
 -3.6358833E-06
 -3.6656857E-06
 -3.7550926E-06
 -4.2319298E-06
 -4.3809414E-06
 -4.6193600E-06
 -4.1127205E-06
 -4.1425228E-06
 -3.7103891E-06
 -3.1888485E-06
 -2.9504299E-06
 -2.4288893E-06
 -2.2947788E-06
 -2.1457672E-06
 -1.5050173E-06
 -1.0617077E-06
 -4.6752393E-07
 -1.0710210E-08
  5.4575503E-07
  9.3132257E-07
  1.4230609E-06
  1.9595027E-06
  2.3543835E-06
  2.9355288E-06
  3.1888485E-06
  3.1888485E-06
  3.7848949E-06
  3.9339066E-06
  3.9935112E-06
  4.1723251E-06
  3.8444996E-06
  3.9339066E-06
  3.1590462E-06
  2.4139881E-06
  3.1888485E-06
  1.8477440E-06
 -7.7486038E-07
  2.6822090E-06
 -4.0233135E-06
 -1.5586615E-05
 -4.5597553E-06
  2.7567148E-07
  4.5448542E-06
  1.5616417E-05
  4.6789646E-06
 -2.0861626E-06
  8.0466270E-07
 -1.5795231E-06
 -2.6524067E-06
 -2.4735928E-06
 -3.2782555E-06
 -3.6656857E-06
 -3.7848949E-06
 -3.9637089E-06
 -3.9637089E-06
 -4.0233135E-06
 -3.5464764E-06
 -3.6507845E-06
 -2.8610229E-06
 -2.3990870E-06
 -2.3096800E-06
 -1.9073486E-06
 -1.3709068E-06
 -1.1771917E-06
 -6.7241490E-07
 -4.4004992E-08
  5.4575503E-07
  8.9034438E-07
  1.6093254E-06
  2.0116568E-06
  2.1755695E-06
  2.6822090E-06
  2.9504299E-06
  3.2037497E-06
  3.5613775E-06
  3.6656857E-06
  3.9935112E-06
  3.5464764E-06
  3.5166740E-06
  3.3378601E-06
  2.8908253E-06
  1.6391277E-06
  1.4305115E-06
 -2.9802322E-08
 -1.9669533E-06
 -1.9967556E-06
 -9.5367432E-07
 -6.6906214E-06
 -8.6873770E-06
 -7.0780516E-08
  8.7171793E-06
  6.3329935E-06
  8.9406967E-07
  2.2053719E-06
  2.9802322E-06
 -4.7683716E-07
 -1.1920929E-06
 -1.8179417E-06
 -2.7418137E-06
 -3.2186508E-06
 -3.3080578E-06
 -3.8743019E-06
 -3.6358833E-06
 -3.1292439E-06
 -3.2484531E-06
 -2.9057264E-06
 -3.1292439E-06
 -2.8908253E-06
 -2.4586916E-06
 -1.9446015E-06
 -1.3709068E-06
 -9.4249845E-07
 -5.9977174E-07
 -4.6566129E-09
  3.7625432E-07
  1.0281801E-06
  1.4305115E-06
  2.0936131E-06
  2.3394823E-06
  2.8014183E-06
  3.1292439E-06
  2.8908253E-06
  3.4272671E-06
  2.6822090E-06
  3.3378601E-06
  3.0994415E-06
  3.1888485E-06
  2.3543835E-06
  1.8775463E-06
  1.2218952E-06
  4.7683716E-07
 -1.1920929E-07
 -2.1457672E-06
 -4.9471855E-06
 -3.7550926E-06
 -1.7136335E-06
 -1.3932586E-06
  8.6147338E-08
  1.5422702E-06
  2.1606684E-06
  4.1723251E-06
  5.1259995E-06
  3.0100346E-06
  8.3446503E-07
 -8.9406967E-08
 -1.4007092E-06
 -2.0265579E-06
 -1.7285347E-06
 -2.7418137E-06
 -2.9802322E-06
 -3.1590462E-06
 -3.2484531E-06
 -3.3676624E-06
 -2.9504299E-06
 -2.5928020E-06
 -2.5928020E-06
 -2.2649765E-06
 -1.9520521E-06
 -1.4901161E-06
 -8.9406967E-07
 -4.3958426E-07
  4.3772161E-08
  4.7683716E-07
  1.0207295E-06
  1.3336539E-06
  2.0861626E-06
  2.3990870E-06
  2.5480986E-06
  2.7269125E-06
  3.0249357E-06
  2.8610229E-06
  3.3378601E-06
  3.4868717E-06
  2.6226044E-06
  2.7120113E-06
  2.0563602E-06
  1.5795231E-06
  4.7683716E-07
 -1.1920929E-07
 -1.0728836E-06
 -2.3841858E-06
 -4.1127205E-06
 -4.9769878E-06
 -4.2766333E-06
 -2.2649765E-06
  5.2619725E-08
  2.1010637E-06
  4.3660402E-06
  5.5432320E-06
  3.8743019E-06
  2.1457672E-06
  1.4603138E-06
  5.6624413E-07
 -1.0132790E-06
 -1.2814999E-06
 -2.2649765E-06
 -3.0398369E-06
 -3.2186508E-06
 -2.8908253E-06
 -3.1888485E-06
 -2.9802322E-06
 -2.9802322E-06
 -3.0845404E-06
 -2.7269125E-06
 -2.2053719E-06
 -2.1010637E-06
 -1.4379621E-06
 -8.9406967E-07
 -5.0663948E-07
 -4.2608008E-08
  4.9360096E-07
  9.9837780E-07
  1.5124679E-06
  2.1979213E-06
  2.1755695E-06
  2.4884939E-06
  3.0249357E-06
  3.1292439E-06
  3.1888485E-06
  2.9504299E-06
  2.9802322E-06
  2.1159649E-06
  1.8477440E-06
  1.8477440E-06
  6.5565109E-07
  1.1920929E-07
 -3.5762787E-07
 -1.8775463E-06
 -3.0994415E-06
 -2.5928020E-06
 -3.5464764E-06
 -3.2484531E-06
 -2.0861626E-06
  1.0407530E-07
  2.1308661E-06
  3.3527613E-06
  3.2484531E-06
  3.0994415E-06
  2.8610229E-06
  1.8179417E-06
  8.9406967E-07
 -8.6426735E-07
 -1.6391277E-06
 -1.9371510E-06
 -2.5629997E-06
 -2.8610229E-06
 -2.7418137E-06
 -2.8610229E-06
 -3.1888485E-06
 -2.8312206E-06
 -2.9355288E-06
 -2.5629997E-06
 -2.5779009E-06
 -2.1606684E-06
 -1.3709068E-06
 -9.9092722E-07
 -4.7683716E-07
 -9.3132257E-09
  5.5506825E-07
  1.0319054E-06
  1.5050173E-06
  2.0116568E-06
  2.4139881E-06
  2.8014183E-06
  2.8908253E-06
  2.9802322E-06
  3.0696392E-06
  2.8908253E-06
  3.1590462E-06
  2.3543835E-06
  1.6391277E-06
  1.4901161E-06
  4.7683716E-07
 -5.6624413E-07
 -1.7881393E-07
 -1.4007092E-06
 -2.8610229E-06
 -2.7716160E-06
 -2.6226044E-06
 -2.0712614E-06
 -1.1175871E-06
  9.6624717E-08
  1.2964010E-06
  2.2500753E-06
  2.6226044E-06
  3.1292439E-06
  2.8610229E-06
  2.0861626E-06
  1.1920929E-06
 -7.7486038E-07
 -2.9802322E-07
 -1.4603138E-06
 -1.3709068E-06
 -1.9073486E-06
 -2.4735928E-06
 -2.6524067E-06
 -2.6226044E-06
 -2.7418137E-06
 -3.0100346E-06
 -2.7716160E-06
 -2.5182962E-06
 -1.8924475E-06
 -1.6167760E-06
 -1.1250377E-06
 -6.0349703E-07
 -2.0954758E-09
  5.8300793E-07
  1.0393560E-06
  1.6167760E-06
  2.2053719E-06
  2.3096800E-06
  2.6226044E-06
  3.2037497E-06
  3.1292439E-06
  3.5166740E-06
  2.8908253E-06
  2.3841858E-06
  2.6524067E-06
  1.9967556E-06
  1.7583370E-06
  3.8743019E-07
 -5.3644180E-07
 -9.5367432E-07
 -1.6391277E-06
 -2.2351742E-06
 -2.7716160E-06
 -3.0547380E-06
 -1.9520521E-06
 -1.1771917E-06
  8.1490725E-09
  1.1026859E-06
  2.2351742E-06
  2.8163195E-06
  3.0398369E-06
  2.0563602E-06
  2.1755695E-06
  6.5565109E-07
 -4.1723251E-07
 -2.3841858E-07
 -9.8347664E-07
 -1.5497208E-06
 -1.9073486E-06
 -2.1755695E-06
 -2.2947788E-06
 -3.0696392E-06
 -2.8312206E-06
 -2.7567148E-06
 -2.8163195E-06
 -2.3245811E-06
 -2.3096800E-06
 -1.7732382E-06
 -1.1846423E-06
 -4.8428774E-07
  6.1234459E-08
  5.1222742E-07
  9.8720193E-07
  1.5795231E-06
  2.2053719E-06
  2.6375055E-06
  2.5480986E-06
  2.8908253E-06
  3.1590462E-06
  3.0398369E-06
  2.8312206E-06
  2.0861626E-06
  2.1159649E-06
  1.5497208E-06
  6.8545341E-07
 -8.9406967E-08
 -1.1026859E-06
 -1.3709068E-06
 -2.2351742E-06
 -2.4139881E-06
 -2.5928020E-06
 -2.3841858E-06
 -1.7136335E-06
 -1.1026859E-06
  4.0046871E-08
  1.0505319E-06
  1.8328428E-06
  2.7716160E-06
  2.1755695E-06
  1.9967556E-06
  1.8775463E-06
  8.6426735E-07
  5.6624413E-07
  5.9604645E-07
 -1.0132790E-06
 -1.7583370E-06
 -2.0861626E-06
 -2.8014183E-06
 -2.8312206E-06
 -2.9206276E-06
 -3.0696392E-06
 -3.0249357E-06
 -2.9355288E-06
 -2.5182962E-06
 -2.4586916E-06
 -1.6763806E-06
 -1.1548400E-06
 -5.8114529E-07
  3.6554411E-08
  5.3830445E-07
  1.1958182E-06
  1.8402934E-06
  2.1979213E-06
  2.5331974E-06
  2.9802322E-06
  2.9057264E-06
  3.0398369E-06
  3.0398369E-06
  2.5033951E-06
  2.7418137E-06
  1.5497208E-06
  1.3411045E-06
  7.4505806E-07
  2.3841858E-07
 -5.9604645E-07
 -1.2814999E-06
 -1.5497208E-06
 -2.3245811E-06
 -2.1755695E-06
 -2.0116568E-06
 -1.4305115E-06
 -8.0466270E-07
 -1.0430813E-07
  6.1839819E-07
  1.4454126E-06
  2.2202730E-06
  2.3245811E-06
  2.8014183E-06
  1.1324883E-06
  8.3446503E-07
  1.7881393E-07
  1.7881393E-07
 -1.1622906E-06
 -1.8775463E-06
 -2.0563602E-06
 -2.1159649E-06
 -2.0861626E-06
 -2.7418137E-06
 -3.1590462E-06
 -2.9653311E-06
 -3.1739473E-06
 -2.5928020E-06
 -2.4139881E-06
 -1.9073486E-06
 -1.2442470E-06
 -6.9290400E-07
 -3.5390258E-08
  4.8056245E-07
  1.2740493E-06
  1.9297004E-06
  2.2500753E-06
  2.8461218E-06
  2.9802322E-06
  2.5779009E-06
  3.0100346E-06
  2.9802322E-06
  2.5928020E-06
  2.6226044E-06
  1.6093254E-06
  1.2516975E-06
  3.8743019E-07
 -1.7881393E-07
 -2.9802322E-07
 -1.1920929E-06
 -2.2053719E-06
 -1.8775463E-06
 -1.7881393E-06
 -1.7881393E-06
 -1.0430813E-06
 -7.7486038E-07
 -2.7939677E-09
  5.5134296E-07
  1.4454126E-06
  1.7285347E-06
  1.6689301E-06
  2.2053719E-06
  1.8775463E-06
  8.3446503E-07
  7.7486038E-07
 -5.9604645E-08
 -6.8545341E-07
 -1.7285347E-06
 -1.3113022E-06
 -2.4139881E-06
 -2.9206276E-06
 -2.5629997E-06
 -3.5762787E-06
 -3.2037497E-06
 -3.2931566E-06
 -3.0249357E-06
 -2.5406480E-06
 -1.9371510E-06
 -1.1846423E-06
 -8.1211329E-07
  7.4738637E-08
  7.2084367E-07
  1.1734664E-06
  2.0340085E-06
  2.4512410E-06
  2.8759241E-06
  3.2037497E-06
  3.2335520E-06
  3.2186508E-06
  2.8610229E-06
  2.9206276E-06
  2.8610229E-06
  1.7285347E-06
  1.1920929E-06
  2.9802322E-08
 -6.8545341E-07
 -3.8743019E-07
 -1.5497208E-06
 -1.1920929E-06
 -1.8477440E-06
 -1.8775463E-06
 -1.7136335E-06
 -1.2069941E-06
 -5.8114529E-07
 -1.4901161E-08
  8.3446503E-07
  1.1026859E-06
  1.4454126E-06
  1.7881393E-06
  1.9073486E-06
  2.2947788E-06
  1.8477440E-06
  5.0663948E-07
  4.4703484E-07
 -5.9604645E-07
 -5.9604645E-07
 -8.0466270E-07
 -1.9967556E-06
 -2.5629997E-06
 -2.8908253E-06
 -3.4272671E-06
 -3.7252903E-06
 -3.6209822E-06
 -3.3080578E-06
 -2.6598573E-06
 -2.1606684E-06
 -1.5571713E-06
 -8.1211329E-07
  1.6298145E-09
  8.6054206E-07
  1.5124679E-06
  2.1606684E-06
  2.8684735E-06
  3.2782555E-06
  3.7252903E-06
  3.7550926E-06
  3.3080578E-06
  3.0398369E-06
  2.5331974E-06
  2.2053719E-06
  1.1622906E-06
  1.4901161E-06
  2.0861626E-07
 -8.9406967E-07
 -1.1324883E-06
 -2.0861626E-06
 -1.2218952E-06
 -1.8775463E-06
 -1.9371510E-06
 -1.4603138E-06
 -1.1771917E-06
 -4.8428774E-07
  9.3132257E-10
  5.8859587E-07
  1.4752150E-06
  1.3113022E-06
  1.7881393E-06
  1.6093254E-06
  1.5497208E-06
  1.3113022E-06
  7.1525574E-07
  6.2584877E-07
  5.9604645E-08
 -1.4007092E-06
 -2.3841858E-06
 -2.5629997E-06
 -2.4735928E-06
 -3.2484531E-06
 -3.9786100E-06
 -4.1723251E-06
 -3.9935112E-06
 -3.6209822E-06
 -2.8014183E-06
 -2.5108457E-06
 -1.6391277E-06
 -9.5553696E-07
  5.0058588E-08
  8.9034438E-07
  1.6875565E-06
  2.5853515E-06
  3.4868717E-06
  3.6954880E-06
  3.9190054E-06
  3.9041042E-06
  3.3974648E-06
  3.3974648E-06
  3.0994415E-06
  2.6524067E-06
  1.9073486E-06
  8.0466270E-07
  5.0663948E-07
 -2.9802322E-08
 -9.5367432E-07
 -9.8347664E-07
 -1.1324883E-06
 -1.4305115E-06
 -2.0861626E-06
 -1.5497208E-06
 -7.8976154E-07
 -5.0663948E-07
  3.7718564E-08
  6.7055225E-07
  1.0579824E-06
  1.4901161E-06
  1.5199184E-06
  1.7583370E-06
  1.6987324E-06
  6.2584877E-07
  6.2584877E-07
  1.1920929E-07
 -7.7486038E-07
 -1.4305115E-06
 -1.2814999E-06
 -2.9802322E-06
 -2.7716160E-06
 -3.6656857E-06
 -3.9488077E-06
 -4.1574240E-06
 -4.1723251E-06
 -3.9786100E-06
 -3.5241246E-06
 -2.9727817E-06
 -1.9595027E-06
 -9.0152025E-07
  6.9383532E-08
  1.0803342E-06
  1.9744039E-06
  2.9578805E-06
  3.8146973E-06
  4.0382147E-06
  4.2915344E-06
  4.5299530E-06
  3.8444996E-06
  3.8743019E-06
  3.4272671E-06
  2.9206276E-06
  1.8477440E-06
  1.1622906E-06
  7.7486038E-07
  8.9406967E-08
 -3.8743019E-07
 -1.6689301E-06
 -1.2516975E-06
 -1.6093254E-06
 -1.9669533E-06
 -1.4454126E-06
 -9.2387199E-07
 -5.6624413E-07
  1.5436672E-07
  7.2270632E-07
  1.0132790E-06
  1.6540289E-06
  1.7583370E-06
  1.7285347E-06
  1.3113022E-06
  1.4007092E-06
  3.2782555E-07
 -4.1723251E-07
 -1.0132790E-06
 -1.4007092E-06
 -1.6093254E-06
 -3.0398369E-06
 -3.9041042E-06
 -4.1127205E-06
 -4.6044588E-06
 -4.7683716E-06
 -4.6044588E-06
 -4.5374036E-06
 -4.0009618E-06
 -3.4458935E-06
 -2.6375055E-06
 -1.2107193E-06
  1.8114224E-07
  1.3485551E-06
  2.3320317E-06
  3.4309924E-06
  4.3287873E-06
  4.3734908E-06
  4.7683716E-06
  4.5299530E-06
  4.4554472E-06
  4.0829182E-06
  3.4570694E-06
  3.0398369E-06
  2.4735928E-06
  1.5497208E-06
  5.9604645E-07
  3.2782555E-07
 -5.0663948E-07
 -9.5367432E-07
 -1.0132790E-06
 -1.9669533E-06
 -1.3709068E-06
 -1.4901161E-06
 -9.6857548E-07
 -4.2468309E-07
 -8.6845830E-08
  4.0978193E-07
  9.8347664E-07
  1.6540289E-06
  1.4603138E-06
  1.6093254E-06
  9.8347664E-07
  1.0728836E-06
  6.5565109E-07
 -2.9802322E-07
 -1.0728836E-06
 -1.7285347E-06
 -1.9669533E-06
 -3.0994415E-06
 -3.9339066E-06
 -4.5597553E-06
 -5.0514936E-06
 -5.3048134E-06
 -5.5730343E-06
 -5.3048134E-06
 -4.8056245E-06
 -4.2729080E-06
 -3.2186508E-06
 -1.7276034E-06
  2.5145710E-08
  1.6288832E-06
  3.1702220E-06
  4.3138862E-06
  4.9322844E-06
  5.3644180E-06
  5.6326389E-06
  5.3495169E-06
  4.9918890E-06
  4.3809414E-06
  4.2617321E-06
  3.6358833E-06
  2.4735928E-06
  1.1920929E-06
  4.1723251E-07
  4.4703484E-07
 -5.0663948E-07
 -1.1324883E-06
 -1.4901161E-06
 -1.9073486E-06
 -1.4901161E-06
 -1.6987324E-06
 -9.9837780E-07
 -4.2468309E-07
  1.1618249E-07
  5.2154064E-07
  8.9406967E-07
  1.0132790E-06
  1.0132790E-06
  1.8477440E-06
  1.4901161E-06
  1.6987324E-06
  1.4603138E-06
 -5.9604645E-08
 -6.2584877E-07
 -1.5199184E-06
 -2.1755695E-06
 -3.3974648E-06
 -4.7385693E-06
 -5.0663948E-06
 -5.7667494E-06
 -6.0051680E-06
 -6.5192580E-06
 -6.6310167E-06
 -6.1355531E-06
 -5.3290278E-06
 -3.9674342E-06
 -2.0768493E-06
 -5.4715201E-08
  2.0462321E-06
  3.8016587E-06
  5.1800162E-06
  6.1169267E-06
  6.4969063E-06
  6.4149499E-06
  6.2882900E-06
  5.9306622E-06
  5.2601099E-06
  4.3213367E-06
  3.5166740E-06
  2.5331974E-06
  1.9669533E-06
  7.1525574E-07
  5.3644180E-07
 -2.0861626E-07
 -4.4703484E-07
 -1.3709068E-06
 -1.6689301E-06
 -1.8179417E-06
 -1.2069941E-06
 -9.5367432E-07
 -7.8231096E-07
 -7.6601282E-08
  6.4820051E-07
  9.3877316E-07
  1.3709068E-06
  1.6689301E-06
  1.6689301E-06
  1.5497208E-06
  1.4901161E-06
  8.6426735E-07
 -5.0663948E-07
 -6.5565109E-07
 -1.5497208E-06
 -2.3841858E-06
 -3.8444996E-06
 -4.9769878E-06
 -5.9604645E-06
 -6.4074993E-06
 -7.0780516E-06
 -7.5548887E-06
 -7.8715384E-06
 -7.5213611E-06
 -6.5923668E-06
 -5.0012022E-06
 -2.5518239E-06
 -1.3038516E-08
  2.5574118E-06
  4.9201772E-06
  6.7027286E-06
  7.6545402E-06
  7.9199672E-06
  7.6144934E-06
  7.0482492E-06
  6.6310167E-06
  6.1690807E-06
  5.3644180E-06
  4.2319298E-06
  2.7120113E-06
  2.4139881E-06
  1.1026859E-06
  2.3841858E-07
 -8.0466270E-07
 -9.5367432E-07
 -1.6689301E-06
 -1.5199184E-06
 -1.6689301E-06
 -1.3858080E-06
 -8.3446503E-07
 -5.3644180E-07
 -2.0256266E-08
  5.3644180E-07
  1.0281801E-06
  1.4007092E-06
  1.5199184E-06
  1.8775463E-06
  1.2814999E-06
  1.2814999E-06
 -1.4901161E-07
 -4.7683716E-07
 -9.2387199E-07
 -2.0563602E-06
 -3.0696392E-06
 -4.2319298E-06
 -5.3048134E-06
 -6.0647726E-06
 -7.0929527E-06
 -8.2179904E-06
 -8.8661909E-06
 -9.3178824E-06
 -9.4715506E-06
 -8.6426735E-06
 -6.2286854E-06
 -3.5762787E-06
 -1.9068830E-07
  3.3229589E-06
  6.3218176E-06
  8.5309148E-06
  9.4287097E-06
  9.3576964E-06
  8.8103116E-06
  8.1136823E-06
  7.2568655E-06
  6.4373016E-06
  5.2750111E-06
  4.4703484E-06
  3.2186508E-06
  2.3245811E-06
  1.1920929E-06
  5.3644180E-07
 -5.9604645E-08
 -8.3446503E-07
 -1.2516975E-06
 -1.6093254E-06
 -9.2387199E-07
 -1.2367964E-06
 -8.7916851E-07
 -4.9173832E-07
  1.2223609E-07
  4.4703484E-07
  1.0430813E-06
  1.0877848E-06
  1.4603138E-06
  1.4305115E-06
  1.0728836E-06
  5.9604645E-07
  2.9802322E-08
 -5.6624413E-07
 -1.1324883E-06
 -1.6987324E-06
 -2.5331974E-06
 -4.6789646E-06
 -5.9306622E-06
 -6.9737434E-06
 -7.9199672E-06
 -9.1902912E-06
 -1.0190764E-05
 -1.1090189E-05
 -1.1399388E-05
 -1.0184944E-05
 -9.9837780E-06
 -7.9870224E-06
 -3.9930455E-08
  7.9721212E-06
  1.0006130E-05
  9.9167228E-06
  1.1160970E-05
  1.1127442E-05
  9.9720201E-06
  9.1940165E-06
  8.0987811E-06
  7.1972609E-06
  6.1094761E-06
  4.9769878E-06
  3.7550926E-06
  2.5033951E-06
  9.5367432E-07
  7.7486038E-07
 -5.3644180E-07
 -1.1920929E-06
 -9.2387199E-07
 -1.0430813E-06
 -1.6391277E-06
 -7.4505806E-07
 -9.9837780E-07
 -3.7252903E-07
  8.9174137E-08
  6.8545341E-07
  1.0877848E-06
  1.1920929E-06
  1.7583370E-06
  1.7285347E-06
  1.5497208E-06
  8.6426735E-07
  4.1723251E-07
 -1.7881393E-07
 -1.5497208E-06
 -2.3543835E-06
 -3.5166740E-06
 -5.3942204E-06
 -6.1541796E-06
 -7.4803829E-06
 -8.7842345E-06
 -1.0092743E-05
 -1.1127442E-05
 -1.2531877E-05
 -1.1906028E-05
 -1.3828278E-05
 -1.8015504E-05
 -9.0003014E-06
 -2.2177119E-07
  8.6501241E-06
  1.8224120E-05
  1.3962388E-05
  1.1816621E-05
  1.2792647E-05
  1.1183321E-05
  9.8724850E-06
  8.7618828E-06
  7.5101852E-06
  6.3627958E-06
  4.9471855E-06
  4.0233135E-06
  3.1590462E-06
  1.2814999E-06
  1.0132790E-06
 -6.2584877E-07
 -1.0430813E-06
 -1.1920929E-06
 -1.4305115E-06
 -1.1920929E-06
 -1.3858080E-06
 -9.6857548E-07
 -3.7252903E-07
  1.3737008E-07
  4.5448542E-07
  8.7916851E-07
  1.0728836E-06
  1.6093254E-06
  1.4603138E-06
  8.6426735E-07
  6.5565109E-07
  5.3644180E-07
 -1.5199184E-06
 -1.7881393E-06
 -2.5331974E-06
 -3.6954880E-06
 -5.3197145E-06
 -6.8545341E-06
 -8.0391765E-06
 -9.1865659E-06
 -1.0266900E-05
 -1.1883676E-05
 -1.2665987E-05
 -1.1056662E-05
 -1.9460917E-05
 -1.4111400E-05
  2.4497509E-05
 -7.0093665E-07
 -2.5525689E-05
  1.4215708E-05
  1.9654632E-05
  1.1011958E-05
  1.2800097E-05
  1.1891127E-05
  1.0337681E-05
  9.1977417E-06
  7.9274178E-06
  6.7055225E-06
  5.5283308E-06
  4.3511391E-06
  2.9802322E-06
  1.9073486E-06
  7.1525574E-07
  2.6822090E-07
 -4.4703484E-07
 -9.8347664E-07
 -1.6987324E-06
 -1.9073486E-06
 -1.1920929E-06
 -6.8545341E-07
 -4.4703484E-07
  2.9569492E-08
  5.5879354E-07
  8.0466270E-07
  1.2218952E-06
  8.6426735E-07
  2.2053719E-06
  1.0728836E-06
  5.0663948E-07
 -5.9604645E-08
 -9.5367432E-07
 -1.9669533E-06
 -2.5629997E-06
 -4.4703484E-06
 -5.5134296E-06
 -7.0482492E-06
 -8.3148479E-06
 -9.3663111E-06
 -1.0222197E-05
 -1.1563301E-05
 -1.1831522E-05
 -8.7320805E-06
 -2.0086765E-05
 -2.1755695E-06
  6.1795115E-05
 -1.0390067E-07
 -6.2420964E-05
  2.3245811E-06
  1.9758940E-05
  8.4936619E-06
  1.1697412E-05
  1.1533499E-05
  1.0102987E-05
  9.3597919E-06
  8.1956387E-06
  6.9290400E-06
  5.7816505E-06
  4.4107437E-06
  2.7418137E-06
  1.4007092E-06
  7.7486038E-07
  6.8545341E-07
 -6.8545341E-07
 -5.3644180E-07
 -9.8347664E-07
 -1.5795231E-06
 -1.0430813E-06
 -7.0035458E-07
 -3.8743019E-07
  7.5902790E-08
  4.2468309E-07
  8.6426735E-07
  1.6689301E-06
  1.4901161E-06
  1.6987324E-06
  1.3113022E-06
  1.4901161E-07
  8.9406967E-08
 -1.7881393E-06
 -1.9371510E-06
 -3.1590462E-06
 -4.3809414E-06
 -5.9008598E-06
 -7.1749091E-06
 -8.2291663E-06
 -9.2238188E-06
 -9.5069408E-06
 -1.0579824E-05
 -1.0192394E-05
 -4.4703484E-06
 -1.1652708E-05
 -7.3015690E-06
  3.3542514E-05
  1.8626451E-07
 -3.3885241E-05
  7.2717667E-06
  1.2516975E-05
  4.3511391E-06
  1.0311604E-05
  1.0445714E-05
  9.4771385E-06
  9.1232359E-06
  8.0578029E-06
  7.0184469E-06
  5.6326389E-06
  4.7385693E-06
  2.7716160E-06
  1.6093254E-06
  1.0728836E-06
  5.9604645E-07
 -8.9406967E-07
 -8.3446503E-07
 -1.3709068E-06
 -1.5497208E-06
 -1.1622906E-06
 -9.8347664E-07
 -4.5448542E-07
  1.0919757E-07
  5.7369471E-07
  8.1956387E-07
  9.3877316E-07
  8.6426735E-07
  1.0132790E-06
  6.8545341E-07
  4.4703484E-07
  2.0861626E-07
 -1.3113022E-06
 -2.5928020E-06
 -3.8146973E-06
 -4.5001507E-06
 -6.0051680E-06
 -6.7725778E-06
 -7.9479069E-06
 -8.6799264E-06
 -8.6128712E-06
 -8.5830688E-06
 -9.1195107E-06
 -1.9669533E-06
 -1.1920929E-07
 -7.2717667E-06
 -1.1473894E-06
 -1.7508864E-07
  1.1622906E-06
  6.7949295E-06
 -3.5762787E-07
  1.9669533E-06
  8.4340572E-06
  8.5830688E-06
  8.7469816E-06
  8.6426735E-06
  7.7982550E-06
  7.0631504E-06
  5.8710575E-06
  4.7236681E-06
  4.0233135E-06
  2.6822090E-06
  5.6624413E-07
  2.0861626E-07
 -6.5565109E-07
 -3.2782555E-07
 -6.2584877E-07
 -1.2218952E-06
 -1.4305115E-06
 -9.2387199E-07
 -5.5134296E-07
 -5.4482371E-08
  6.0349703E-07
  1.1771917E-06
  1.0132790E-06
  1.6093254E-06
  1.5795231E-06
  1.1622906E-06
  1.3411045E-06
 -4.1723251E-07
 -1.3709068E-06
 -2.5629997E-06
 -3.0994415E-06
 -4.7981739E-06
 -5.9157610E-06
 -6.8247318E-06
 -7.5027347E-06
 -7.8007579E-06
 -7.8380108E-06
 -6.3478947E-06
 -5.9604645E-06
 -2.7120113E-06
  4.2021275E-06
  5.3048134E-06
  1.1920929E-06
 -2.3399480E-07
 -1.2665987E-06
 -4.7683716E-06
 -4.2915344E-06
  2.6524067E-06
  5.9008598E-06
  6.3776970E-06
  7.0631504E-06
  7.9274178E-06
  7.4766576E-06
  6.8768859E-06
  5.9455633E-06
  4.7087669E-06
  3.9637089E-06
  2.7418137E-06
  7.1525574E-07
  8.3446503E-07
 -7.4505806E-07
 -1.3113022E-06
 -9.5367432E-07
 -1.4007092E-06
 -1.3709068E-06
 -9.3877316E-07
 -6.9290400E-07
 -3.2596290E-08
  3.5017729E-07
  9.3877316E-07
  1.3411045E-06
  1.1920929E-06
  1.1920929E-06
  5.0663948E-07
  2.6822090E-07
 -1.4901161E-07
 -1.2814999E-06
 -2.8908253E-06
 -3.3676624E-06
 -5.0514936E-06
 -5.9455633E-06
 -6.4969063E-06
 -7.0892274E-06
 -6.6161156E-06
 -6.5565109E-06
 -4.3213367E-06
 -3.7550926E-06
 -2.4139881E-06
  5.9604645E-07
  4.7087669E-06
  4.3660402E-06
  5.2037649E-08
 -4.2915344E-06
 -5.0365925E-06
 -6.5565109E-07
  2.2947788E-06
  3.1888485E-06
  4.5895576E-06
  6.3478947E-06
  6.8843365E-06
  7.0221722E-06
  6.6384673E-06
  5.8114529E-06
  5.0216913E-06
  3.6358833E-06
  2.7716160E-06
  1.0430813E-06
  6.5565109E-07
 -7.7486038E-07
 -6.8545341E-07
 -1.1622906E-06
 -1.9371510E-06
 -1.0579824E-06
 -8.3446503E-07
 -5.5879354E-07
 -2.8638169E-08
  4.6938658E-07
  8.1956387E-07
  1.2516975E-06
  1.4007092E-06
  1.5497208E-06
  5.9604645E-07
  7.1525574E-07
 -7.1525574E-07
 -1.9669533E-06
 -2.6524067E-06
 -3.8146973E-06
 -4.8279762E-06
 -5.8263540E-06
 -6.2026083E-06
 -6.7278743E-06
 -6.1541796E-06
 -5.7518482E-06
 -3.5762787E-06
 -2.3543835E-06
  6.5565109E-07
  2.9802322E-07
  1.6689301E-06
  1.5944242E-06
 -9.6159056E-08
 -1.5944242E-06
 -1.4901161E-06
 -9.8347664E-07
  3.2782555E-07
  1.9669533E-06
  3.4868717E-06
  4.9769878E-06
  6.2137842E-06
  6.4969063E-06
  6.2379986E-06
  5.9381127E-06
  4.8577785E-06
  3.7550926E-06
  2.3543835E-06
  1.9371510E-06
  7.4505806E-07
 -1.7881393E-07
 -8.3446503E-07
 -1.1324883E-06
 -1.4603138E-06
 -8.7916851E-07
 -1.1771917E-06
 -4.6938658E-07
 -1.0989606E-07
  4.1723251E-07
  8.4936619E-07
  1.1920929E-06
  1.8775463E-06
  6.5565109E-07
  1.1026859E-06
  1.4901161E-07
 -8.9406967E-08
 -1.6093254E-06
 -3.0994415E-06
 -3.8146973E-06
 -5.0961971E-06
 -5.2377582E-06
 -5.8134319E-06
 -5.9753656E-06
 -5.6773424E-06
 -4.4405460E-06
 -3.6358833E-06
 -1.4901161E-06
  7.4505806E-07
  1.9967556E-06
  2.2649765E-06
  1.6093254E-06
 -1.4086254E-07
 -1.6093254E-06
 -2.1159649E-06
 -2.0563602E-06
 -4.4703484E-07
  2.3245811E-06
  3.3974648E-06
  4.3809414E-06
  5.4836273E-06
  5.9753656E-06
  5.8240257E-06
  5.5208802E-06
  4.4852495E-06
  3.7550926E-06
  2.6226044E-06
  2.3245811E-06
  2.0861626E-07
  2.0861626E-07
 -8.6426735E-07
 -8.6426735E-07
 -1.1026859E-06
 -1.1473894E-06
 -1.1026859E-06
 -5.6624413E-07
  2.5145710E-08
  6.8545341E-07
  9.5367432E-07
  8.4936619E-07
  8.9406967E-07
  1.2814999E-06
  1.4305115E-06
  2.3841858E-07
 -2.6822090E-07
 -2.0563602E-06
 -2.7120113E-06
 -3.5166740E-06
 -4.7236681E-06
 -5.2005053E-06
 -5.5450946E-06
 -5.3644180E-06
 -4.6938658E-06
 -3.3378601E-06
 -2.4735928E-06
 -7.1525574E-07
  8.0466270E-07
  1.9669533E-06
  1.9669533E-06
  1.4305115E-06
  3.5855919E-08
 -1.2218952E-06
 -2.0563602E-06
 -1.6391277E-06
 -1.1324883E-06
  5.0663948E-07
  2.2351742E-06
  3.9935112E-06
  5.0365925E-06
  5.2601099E-06
  5.4463744E-06
  5.1409006E-06
  4.5597553E-06
  3.6358833E-06
  2.5033951E-06
  1.4305115E-06
  8.3446503E-07
  8.9406967E-08
 -5.6624413E-07
 -5.9604645E-07
 -1.5497208E-06
 -1.3113022E-06
 -8.6426735E-07
 -4.1723251E-07
 -1.2572855E-08
  6.6310167E-07
  9.8347664E-07
  1.2218952E-06
  1.1920929E-06
  1.7285347E-06
  1.2814999E-06
  5.0663948E-07
 -6.8545341E-07
 -1.6391277E-06
 -2.3841858E-06
 -3.8444996E-06
 -4.6789646E-06
 -4.7460198E-06
 -5.2079558E-06
 -5.0812960E-06
 -4.0978193E-06
 -3.2186508E-06
 -1.9669533E-06
 -9.8347664E-07
  5.6624413E-07
  1.3411045E-06
  7.7486038E-07
  9.5367432E-07
 -5.5879354E-08
 -8.7916851E-07
 -1.0728836E-06
 -1.3709068E-06
 -1.5497208E-06
  5.0663948E-07
  1.0728836E-06
  2.6226044E-06
  4.1723251E-06
  5.4240227E-06
  5.1110983E-06
  4.9546361E-06
  4.2915344E-06
  3.7550926E-06
  2.1457672E-06
  1.8179417E-06
  7.7486038E-07
  3.8743019E-07
 -1.3411045E-06
 -1.0430813E-06
 -1.7285347E-06
 -1.1026859E-06
 -1.0430813E-06
 -4.4703484E-07
  3.7951395E-08
  7.0035458E-07
  1.0132790E-06
  7.8976154E-07
  1.1622906E-06
  1.2814999E-06
  6.2584877E-07
  4.1723251E-07
 -5.0663948E-07
 -2.0265579E-06
 -2.2053719E-06
 -3.1292439E-06
 -4.3809414E-06
 -4.7907233E-06
 -4.9695373E-06
 -4.5746565E-06
 -3.7252903E-06
 -2.5928020E-06
 -1.3113022E-06
 -5.3644180E-07
  1.1026859E-06
  1.3709068E-06
  1.2218952E-06
  8.9406967E-07
 -1.0640360E-07
 -7.1525574E-07
 -1.4603138E-06
 -1.5795231E-06
 -1.1026859E-06
 -3.8743019E-07
  1.5497208E-06
  3.1590462E-06
  3.9637089E-06
  4.5597553E-06
  4.8018992E-06
  4.6789646E-06
  3.9786100E-06
  3.0994415E-06
  2.7716160E-06
  1.5497208E-06
  4.4703484E-07
  2.9802322E-08
 -6.8545341E-07
 -5.0663948E-07
 -1.2814999E-06
 -1.2367964E-06
 -1.0430813E-06
 -6.7055225E-07
  8.9872628E-08
  4.2468309E-07
  7.4505806E-07
  1.1324883E-06
  1.4603138E-06
  1.3709068E-06
  3.8743019E-07
  2.0861626E-07
 -1.1920929E-06
 -1.5497208E-06
 -2.7716160E-06
 -3.4272671E-06
 -4.2617321E-06
 -4.6789646E-06
 -4.6677887E-06
 -4.6491623E-06
 -3.3080578E-06
 -2.6226044E-06
 -8.3446503E-07
  8.9406967E-08
  4.7683716E-07
  1.0132790E-06
  1.1026859E-06
  5.6624413E-07
  2.7939677E-09
 -8.2701445E-07
 -1.3560057E-06
 -1.1622906E-06
 -4.1723251E-07
 -2.9802322E-08
  1.4901161E-06
  2.4735928E-06
  3.8743019E-06
  4.1425228E-06
  4.5560300E-06
  4.6715140E-06
  4.1276217E-06
  3.3825636E-06
  3.3676624E-06
  1.4007092E-06
  1.0430813E-06
 -4.4703484E-07
 -5.9604645E-07
 -1.2814999E-06
 -1.6093254E-06
 -1.1473894E-06
 -1.1920929E-06
 -6.6310167E-07
 -2.5611371E-09
  4.6938658E-07
  8.1956387E-07
  1.5199184E-06
  1.5795231E-06
  6.8545341E-07
  1.1026859E-06
 -2.9802322E-08
 -1.1920929E-06
 -2.3245811E-06
 -2.8908253E-06
 -3.4570694E-06
 -4.2766333E-06
 -4.4256449E-06
 -4.4219196E-06
 -4.1723251E-06
 -3.4272671E-06
 -2.3245811E-06
 -1.5795231E-06
 -5.3644180E-07
  2.6822090E-07
  1.1324883E-06
  1.1622906E-06
  5.8114529E-07
 -7.4505806E-09
 -2.9057264E-07
 -1.1771917E-06
 -1.1622906E-06
 -1.6093254E-06
 -5.3644180E-07
  1.2516975E-06
  1.8775463E-06
  3.0100346E-06
  3.5762787E-06
  4.4703484E-06
  4.4889748E-06
  4.1425228E-06
  3.0696392E-06
  2.9504299E-06
  1.6987324E-06
  7.7486038E-07
 -2.3841858E-07
 -2.6822090E-07
 -9.8347664E-07
 -1.7881393E-06
 -1.6391277E-06
 -1.6093254E-06
 -8.0466270E-07
  3.4924597E-09
  5.2154064E-07
  9.8347664E-07
  1.4752150E-06
  1.2218952E-06
  1.4305115E-06
  8.9406967E-07
  2.0861626E-07
 -7.7486038E-07
 -2.0861626E-06
 -3.0100346E-06
 -3.5017729E-06
 -4.2170286E-06
 -4.3585896E-06
 -4.3250620E-06
 -3.6507845E-06
 -2.7120113E-06
 -1.8775463E-06
 -7.4505806E-07
  6.5565109E-07
  1.4901161E-07
  9.5367432E-07
  7.5995922E-07
  6.3329935E-07
  1.0780059E-07
 -4.5448542E-07
 -1.3113022E-06
 -1.5199184E-06
 -1.5199184E-06
 -2.9802322E-08
  6.8545341E-07
  1.8775463E-06
  2.7716160E-06
  3.7103891E-06
  4.4032931E-06
  4.4591725E-06
  3.9935112E-06
  3.4123659E-06
  3.0398369E-06
  1.2516975E-06
  5.9604645E-07
 -4.1723251E-07
 -2.9802322E-07
 -6.2584877E-07
 -1.3411045E-06
 -1.6391277E-06
 -1.2516975E-06
 -7.0780516E-07
 -9.3365088E-08
  7.0035458E-07
  1.1622906E-06
  1.7732382E-06
  1.6689301E-06
  1.4603138E-06
  6.2584877E-07
  3.5762787E-07
 -8.9406967E-07
 -1.4007092E-06
 -2.5928020E-06
 -3.1441450E-06
 -4.1127205E-06
