         460
         451
         445
         451
         434
         450
         447
         487
         436
         437
         452
         434
         454
         436
         432
         429
         440
         427
         428
         435
         436
         435
         417
         434
         452
         437
         424
         417
         415
         426
         409
         414
         407
         429
         421
         413
         424
         408
         403
         401
         414
         410
         415
         404
         415
         407
         404
         404
         402
         401
         398
         433
         395
         402
         435
         399
         390
         390
         403
         399
         409
         393
         383
         388
         405
         387
         400
         390
         387
         396
         378
         394
         386
         386
         393
         401
         418
         398
         371
         378
         376
         385
         378
         387
         368
         407
         384
         367
         373
         381
         359
         348
         381
         362
         357
         380
         351
         372
         377
         352
         375
         351
         355
         356
         358
         349
         359
         346
         350
         343
         360
         345
         338
         339
         387
         385
         348
         358
         337
         338
         364
         338
         334
         328
         326
         341
         328
         344
         328
         340
         331
         317
         321
         341
         329
         318
         336
         317
         332
         319
         316
         317
         338
         336
         337
         317
         314
         324
         340
         398
         317
         327
         329
         366
         320
         328
         363
         313
         329
         319
         317
         311
         309
         317
         340
         303
         334
         308
         317
         302
         302
         303
         295
         329
         307
         341
         312
         311
         323
         287
         296
         300
         288
         328
         298
         291
         314
         318
         288
         297
         290
         289
         312
         300
         303
         323
         285
         286
         291
         303
         301
         289
         312
         282
         308
         293
         289
         307
         273
         314
         288
         266
         329
         298
         276
         347
         331
         297
         271
         266
         318
         284
         273
         270
         277
         272
         277
         293
         300
         286
         272
         267
         272
         267
         270
         264
         319
         280
         273
         252
         280
         301
         288
         281
         262
         264
         267
         261
         272
         264
         254
         261
         258
         252
         302
         262
         241
         259
         258
         249
         262
         258
         247
         295
         298
         246
         245
         246
         275
         268
         259
         255
         242
         248
         242
         229
         272
         259
         244
         255
         257
         238
         252
         249
         237
         272
         238
         284
         294
         241
         251
         235
         245
         225
         268
         251
         254
         254
         221
         277
         259
         229
         220
         225
         222
         266
         230
         245
         240
         250
         227
         229
         236
         219
         251
         239
         215
         248
         249
         250
         230
         230
         238
         217
         228
         217
         219
         246
         199
         230
         211
         213
         209
         205
         273
         219
         207
         202
         243
         246
         250
         226
         227
         224
         212
         218
         224
         215
         206
         257
         212
         213
         223
         199
         235
         224
         244
         203
         235
         199
         212
         204
         204
         193
         209
         190
         197
         191
         194
         195
         209
         220
         196
         177
         216
         219
         178
         186
         185
         183
         182
         195
         204
         234
         245
         193
         256
         198
         188
         200
         183
         188
         184
         179
         167
         195
         171
         182
         177
         185
         180
         177
         208
         185
         196
         217
         193
         214
         210
         176
         182
         201
         219
         184
         171
         175
         187
         164
         179
         191
         187
         191
         208
         189
         176
         201
         164
         201
         174
         201
         200
         192
         175
         196
         176
