 -1.6689301E-06
 -1.5795231E-06
 -6.5565109E-07
 -1.1026859E-06
 -1.5199184E-06
 -8.9406967E-07
 -2.9802322E-07
 -6.5565109E-07
 -5.9604645E-07
 -2.3841858E-07
 -4.1723251E-07
  1.1920929E-07
  2.9802322E-07
  1.4901161E-07
 -2.9802322E-08
 -8.9406967E-07
 -4.7683716E-07
 -1.2218952E-06
 -1.1026859E-06
 -1.2218952E-06
 -1.1324883E-06
 -1.6987324E-06
 -1.6689301E-06
 -1.6689301E-06
 -1.9371510E-06
 -1.3709068E-06
 -1.7881393E-06
 -1.0430813E-06
 -9.5367432E-07
 -6.5565109E-07
 -8.6426735E-07
 -3.8743019E-07
 -8.9406967E-08
 -4.1723251E-07
  1.1920929E-07
 -6.5565109E-07
 -4.7683716E-07
 -6.5565109E-07
 -8.0466270E-07
 -8.0466270E-07
 -9.8347664E-07
 -1.1622906E-06
 -1.5497208E-06
 -1.4901161E-06
 -2.1159649E-06
 -1.6689301E-06
 -1.6093254E-06
 -1.9371510E-06
 -1.4901161E-06
 -1.6689301E-06
 -1.6689301E-06
 -1.4007092E-06
 -5.0663948E-07
 -7.7486038E-07
 -1.1026859E-06
 -6.5565109E-07
 -6.5565109E-07
  2.9802322E-07
  4.7683716E-07
 -2.0861626E-07
 -5.9604645E-08
 -2.9802322E-07
 -4.1723251E-07
 -5.6624413E-07
 -8.3446503E-07
 -1.1920929E-06
 -1.4305115E-06
 -1.5497208E-06
 -1.7583370E-06
 -1.6987324E-06
 -1.7285347E-06
 -2.1755695E-06
 -1.4305115E-06
 -1.5795231E-06
 -1.1920929E-06
 -1.5199184E-06
 -1.1920929E-06
 -9.5367432E-07
 -2.0861626E-07
 -7.7486038E-07
 -3.5762787E-07
 -3.2782555E-07
 -5.9604645E-08
 -5.6624413E-07
 -3.5762787E-07
 -5.9604645E-07
 -1.2516975E-06
 -1.7881393E-06
 -1.4603138E-06
 -1.3113022E-06
 -1.8775463E-06
 -2.1755695E-06
 -1.4305115E-06
 -1.9073486E-06
 -1.5497208E-06
 -1.1920929E-06
 -9.2387199E-07
 -1.2218952E-06
 -1.2814999E-06
 -8.6426735E-07
 -3.8743019E-07
 -1.1622906E-06
 -1.7881393E-07
 -1.7881393E-07
 -3.2782555E-07
  1.7881393E-07
  8.9406967E-08
 -5.0663948E-07
 -1.0132790E-06
 -7.4505806E-07
 -9.8347664E-07
 -1.1026859E-06
 -1.4901161E-06
 -1.8179417E-06
 -1.7881393E-06
 -2.0265579E-06
 -2.3841858E-06
 -1.7285347E-06
 -1.9073486E-06
 -1.6689301E-06
 -2.0563602E-06
 -2.3841858E-06
 -1.1920929E-06
 -1.3411045E-06
 -8.9406967E-07
 -1.1920929E-07
 -2.6822090E-07
 -4.4703484E-07
 -3.8743019E-07
 -5.0663948E-07
 -1.7881393E-07
 -4.7683716E-07
 -1.5199184E-06
 -1.3113022E-06
 -1.9967556E-06
 -2.3245811E-06
 -1.9669533E-06
 -1.8775463E-06
 -2.2351742E-06
 -2.0563602E-06
 -1.9073486E-06
 -2.2947788E-06
 -1.9073486E-06
 -2.9802322E-07
 -1.2218952E-06
 -1.3411045E-06
 -1.1324883E-06
 -9.5367432E-07
 -2.9802322E-07
 -2.0861626E-07
  1.1920929E-07
 -7.7486038E-07
  2.9802322E-07
 -8.6426735E-07
  2.9802322E-08
 -2.6822090E-07
 -5.0663948E-07
 -3.8743019E-07
 -1.2516975E-06
 -1.3411045E-06
 -2.3543835E-06
 -2.1159649E-06
 -2.1457672E-06
 -1.4901161E-06
 -2.0563602E-06
 -2.2351742E-06
 -2.0265579E-06
 -1.8477440E-06
 -1.6391277E-06
 -1.7881393E-06
 -1.3709068E-06
 -1.1026859E-06
 -1.2814999E-06
 -9.5367432E-07
 -2.0861626E-07
 -4.7683716E-07
 -2.6822090E-07
 -1.4007092E-06
 -1.1324883E-06
 -8.9406967E-07
 -1.2218952E-06
 -2.0861626E-06
 -2.3245811E-06
 -2.2053719E-06
 -2.3245811E-06
 -2.4437904E-06
 -2.8312206E-06
 -2.0861626E-06
 -1.6689301E-06
 -1.9967556E-06
 -1.5497208E-06
 -1.1920929E-06
 -8.9406967E-07
 -7.7486038E-07
 -5.0663948E-07
 -3.8743019E-07
 -4.1723251E-07
 -8.6426735E-07
 -2.9802322E-07
  5.0663948E-07
  4.7683716E-07
 -7.4505806E-07
 -1.0728836E-06
 -5.9604645E-08
 -5.0663948E-07
 -1.0430813E-06
 -1.0430813E-06
 -6.5565109E-07
 -1.1920929E-06
 -1.5497208E-06
 -2.3543835E-06
 -1.9967556E-06
 -2.5033951E-06
 -2.4437904E-06
 -2.5629997E-06
 -2.4735928E-06
 -2.2947788E-06
 -1.6987324E-06
 -1.3411045E-06
 -1.4901161E-06
 -2.0265579E-06
 -2.9802322E-07
  1.4901161E-07
  4.1723251E-07
  5.9604645E-07
 -3.5762787E-07
 -1.4603138E-06
 -1.9967556E-06
 -2.6524067E-06
 -2.6226044E-06
 -1.7881393E-06
 -2.3543835E-06
 -2.4437904E-06
 -2.3543835E-06
 -2.5629997E-06
 -1.9073486E-06
 -2.2649765E-06
 -2.2947788E-06
 -1.6093254E-06
 -1.4603138E-06
 -8.6426735E-07
 -8.9406967E-07
 -8.9406967E-07
 -3.8743019E-07
 -7.4505806E-07
  2.0861626E-07
  3.8743019E-07
  5.9604645E-08
 -6.5565109E-07
 -4.1723251E-07
 -5.9604645E-07
 -6.2584877E-07
 -6.8545341E-07
 -1.3113022E-06
 -1.6391277E-06
 -1.7881393E-06
 -1.3709068E-06
 -2.4735928E-06
 -2.4437904E-06
 -2.4735928E-06
 -2.9504299E-06
 -3.0994415E-06
 -2.8014183E-06
 -2.9802322E-06
 -3.1888485E-06
 -3.2186508E-06
 -2.0265579E-06
 -1.8477440E-06
 -1.8179417E-06
 -1.3113022E-06
 -1.6689301E-06
 -1.5497208E-06
 -6.5565109E-07
 -2.0265579E-06
 -1.7285347E-06
 -2.8908253E-06
 -3.1590462E-06
 -3.1292439E-06
 -3.1590462E-06
 -2.4735928E-06
 -3.2782555E-06
 -2.4139881E-06
 -2.2649765E-06
 -2.5629997E-06
 -1.6689301E-06
 -2.1755695E-06
 -1.1622906E-06
 -1.8179417E-06
 -8.6426735E-07
 -6.5565109E-07
 -1.1920929E-07
 -3.2782555E-07
 -2.3841858E-07
 -4.4703484E-07
  3.2782555E-07
  8.3446503E-07
 -2.9802322E-08
 -2.9802322E-07
 -1.7881393E-07
 -2.9802322E-07
 -5.6624413E-07
 -8.0466270E-07
 -1.2218952E-06
 -1.2516975E-06
 -2.0861626E-06
 -3.0696392E-06
 -2.2053719E-06
 -2.8908253E-06
 -3.4570694E-06
 -3.3676624E-06
 -3.0398369E-06
 -3.8444996E-06
 -3.6656857E-06
 -3.2782555E-06
 -3.2186508E-06
 -4.1425228E-06
 -3.2782555E-06
 -3.3676624E-06
 -2.8014183E-06
 -2.5629997E-06
 -3.9935112E-06
 -4.5597553E-06
 -3.5762787E-06
 -3.5464764E-06
 -4.4405460E-06
 -3.9041042E-06
 -3.8743019E-06
 -3.2782555E-06
 -3.4272671E-06
 -3.2186508E-06
 -2.9802322E-06
 -2.5629997E-06
 -2.0563602E-06
 -1.7285347E-06
 -1.9371510E-06
 -1.5199184E-06
 -1.1622906E-06
 -7.4505806E-07
 -1.0132790E-06
 -4.7683716E-07
 -1.1920929E-07
 -1.7881393E-07
  8.9406967E-08
 -1.1920929E-07
 -4.7683716E-07
 -7.4505806E-07
 -4.7683716E-07
 -4.4703484E-07
 -6.5565109E-07
 -1.1324883E-06
 -1.1920929E-06
 -2.3543835E-06
 -2.6524067E-06
 -3.0398369E-06
 -3.2782555E-06
 -3.1888485E-06
 -3.7252903E-06
 -3.9041042E-06
 -4.1723251E-06
 -4.9173832E-06
 -4.4703484E-06
 -5.3048134E-06
 -5.9604645E-06
 -5.3644180E-06
 -1.8477440E-06
  7.1525574E-07
  1.5199184E-06
  7.4505806E-07
 -2.1159649E-06
 -5.0365925E-06
 -6.7651272E-06
 -5.3048134E-06
 -4.8875809E-06
 -5.2750111E-06
 -4.5001507E-06
 -4.2319298E-06
 -3.8444996E-06
 -3.1590462E-06
 -3.0398369E-06
 -3.2782555E-06
 -2.3245811E-06
 -1.2814999E-06
 -2.4735928E-06
 -1.3113022E-06
 -4.7683716E-07
 -8.6426735E-07
 -7.7486038E-07
  2.9802322E-08
  3.2782555E-07
 -1.1920929E-07
 -2.0861626E-07
 -3.8743019E-07
 -3.2782555E-07
 -1.1920929E-07
 -2.6822090E-07
 -8.0466270E-07
 -1.0132790E-06
 -1.1324883E-06
 -8.6426735E-07
 -2.3841858E-06
 -2.2947788E-06
 -2.5629997E-06
 -2.9504299E-06
 -3.8444996E-06
 -4.4107437E-06
 -5.1558018E-06
 -5.6922436E-06
 -5.8710575E-06
 -6.1988831E-06
 -8.3446503E-06
 -7.6293945E-06
 -4.3511391E-06
 -4.5895576E-06
 -9.7751617E-06
 -1.2218952E-05
 -9.7453594E-06
 -4.5895576E-06
 -4.0829182E-06
 -7.9572201E-06
 -8.5234642E-06
 -6.7949295E-06
 -6.1392784E-06
 -5.7816505E-06
 -4.4703484E-06
 -4.4703484E-06
 -4.4703484E-06
 -3.3080578E-06
 -3.5762787E-06
 -2.5033951E-06
 -2.2351742E-06
 -1.7881393E-06
 -1.6689301E-06
 -1.0728836E-06
 -7.4505806E-07
 -3.8743019E-07
 -3.2782555E-07
 -4.4703484E-07
  4.1723251E-07
 -5.9604645E-07
 -8.6426735E-07
  5.9604645E-08
 -8.0466270E-07
 -8.9406967E-07
 -1.2814999E-06
 -1.2814999E-06
 -2.2947788E-06
 -1.8477440E-06
 -2.7418137E-06
 -2.8014183E-06
 -3.7848949E-06
 -4.1723251E-06
 -4.7683716E-06
 -5.5432320E-06
 -6.6459179E-06
 -6.6459179E-06
 -8.5234642E-06
 -1.0371208E-05
 -8.5234642E-06
 -1.0073185E-05
 -1.9669533E-05
 -1.7672777E-05
 -1.0043383E-05
 -1.8060207E-05
 -1.9520521E-05
 -1.0192394E-05
 -8.4936619E-06
 -1.0371208E-05
 -8.6724758E-06
 -7.4207783E-06
 -6.7055225E-06
 -5.8412552E-06
 -4.8875809E-06
 -4.5895576E-06
 -4.2617321E-06
 -3.4868717E-06
 -3.0100346E-06
 -2.4437904E-06
 -2.0861626E-06
 -1.1622906E-06
 -8.6426735E-07
 -2.6822090E-07
 -6.8545341E-07
 -5.9604645E-07
  1.1920929E-07
 -1.1920929E-07
 -3.2782555E-07
 -4.1723251E-07
 -1.1920929E-07
 -5.3644180E-07
 -7.4505806E-07
 -1.3113022E-06
 -1.8477440E-06
 -2.1457672E-06
 -2.5629997E-06
 -2.9206276E-06
 -3.7848949E-06
 -4.2021275E-06
 -4.7087669E-06
 -5.4538250E-06
 -6.1988831E-06
 -7.5101852E-06
 -8.3148479E-06
 -1.0922551E-05
 -1.2248755E-05
 -1.1116266E-05
 -2.0101666E-05
 -2.4139881E-05
  9.8347664E-06
  3.8981438E-05
  9.7900629E-06
 -2.3752451E-05
 -1.9565225E-05
 -1.1757016E-05
 -1.2114644E-05
 -1.0430813E-05
 -8.2552433E-06
 -7.6144934E-06
 -6.8247318E-06
 -5.6624413E-06
 -4.5001507E-06
 -3.9339066E-06
 -3.7550926E-06
 -3.0994415E-06
 -2.5033951E-06
 -1.9371510E-06
 -1.7881393E-06
 -1.5795231E-06
 -6.8545341E-07
 -2.9802322E-07
 -2.6822090E-07
  1.4901161E-07
 -8.9406967E-08
 -5.9604645E-08
 -1.4901161E-07
  4.1723251E-07
  2.0861626E-07
 -5.3644180E-07
 -6.5565109E-07
 -1.1324883E-06
 -1.1920929E-06
 -1.7881393E-06
 -2.0265579E-06
 -2.8014183E-06
 -3.5762787E-06
 -4.6789646E-06
 -5.2750111E-06
 -5.9008598E-06
 -6.7055225E-06
 -7.9870224E-06
 -8.9854002E-06
 -1.1578202E-05
 -1.3157725E-05
 -1.4923513E-05
 -2.3365021E-05
 -2.5719404E-05
 -1.9561499E-05
 -1.9442290E-05
 -2.0116568E-05
 -2.5734305E-05
 -2.3201108E-05
 -1.5072525E-05
 -1.3351440E-05
 -1.1682510E-05
 -8.9257956E-06
 -8.0466270E-06
 -6.8694353E-06
 -5.6028366E-06
 -4.6193600E-06
 -4.3511391E-06
 -3.7252903E-06
 -3.0398369E-06
 -2.6226044E-06
 -1.5497208E-06
 -9.8347664E-07
 -1.2814999E-06
 -6.5565109E-07
 -2.9802322E-07
 -4.1723251E-07
 -3.2782555E-07
 -4.4703484E-07
  3.2782555E-07
  8.9406967E-08
 -2.9802322E-07
  1.7881393E-07
 -6.5565109E-07
 -1.1026859E-06
 -1.2516975E-06
 -1.6987324E-06
 -2.5331974E-06
 -2.1457672E-06
 -3.0398369E-06
 -3.7848949E-06
 -4.7087669E-06
 -5.3048134E-06
 -6.3031912E-06
 -7.3611736E-06
 -8.5234642E-06
 -9.5963478E-06
 -1.1906028E-05
 -1.3895333E-05
 -1.6374514E-05
 -1.9092113E-05
 -2.3186207E-05
 -6.1184168E-05
 -9.8973513E-05
 -6.1661005E-05
 -2.3126602E-05
 -1.8933788E-05
 -1.6333535E-05
 -1.3723969E-05
 -1.2099743E-05
 -9.6261501E-06
 -8.6277723E-06
 -7.4654818E-06
 -6.4671040E-06
 -4.9173832E-06
 -4.5299530E-06
 -4.1127205E-06
 -2.8610229E-06
 -2.4735928E-06
 -2.3543835E-06
 -1.6391277E-06
 -1.3113022E-06
 -7.1525574E-07
 -4.4703484E-07
  1.1920929E-07
  3.8743019E-07
 -4.7683716E-07
 -5.0663948E-07
  8.9406967E-08
 -5.0663948E-07
 -1.0132790E-06
 -5.3644180E-07
 -9.5367432E-07
 -1.2516975E-06
 -1.6391277E-06
 -1.9669533E-06
 -2.6524067E-06
 -3.3080578E-06
 -3.7252903E-06
 -4.5299530E-06
 -5.4687262E-06
 -6.3925982E-06
 -7.5548887E-06
 -8.4489584E-06
 -9.5143914E-06
 -1.1034310E-05
 -1.2821052E-05
 -1.5191734E-05
 -1.5415251E-05
 -9.2536211E-06
 -1.7911196E-05
 -3.2931566E-05
 -1.8030405E-05
 -8.8661909E-06
 -1.5236437E-05
 -1.5154481E-05
 -1.2837118E-05
 -1.1306256E-05
 -9.5590949E-06
 -8.6128712E-06
 -7.0929527E-06
 -6.3627958E-06
 -5.2601099E-06
 -4.6789646E-06
 -3.9935112E-06
 -2.9802322E-06
 -2.9206276E-06
 -2.2947788E-06
 -2.0265579E-06
 -1.9073486E-06
 -1.0132790E-06
 -1.2516975E-06
 -4.1723251E-07
 -5.9604645E-08
  1.4901161E-07
  2.3841858E-07
  2.6822090E-07
 -1.1920929E-07
 -8.9406967E-08
 -4.7683716E-07
 -8.0466270E-07
 -1.1026859E-06
 -2.0861626E-06
 -2.3543835E-06
 -3.0696392E-06
 -3.3974648E-06
 -3.8146973E-06
 -4.9024820E-06
 -5.9008598E-06
 -6.4671040E-06
 -7.0929527E-06
 -8.3148479E-06
 -9.0785325E-06
 -1.0163989E-05
 -1.0754913E-05
 -1.1824071E-05
 -1.3530254E-05
 -8.7618828E-06
  1.7881393E-06
  6.6459179E-06
  1.8477440E-06
 -8.8810921E-06
 -1.3113022E-05
 -1.1764467E-05
 -1.0635704E-05
 -1.0110438E-05
 -9.3840063E-06
 -8.2254410E-06
 -7.1823597E-06
 -6.4373016E-06
 -5.6177378E-06
 -4.5746565E-06
 -4.1425228E-06
 -3.5762787E-06
 -3.0994415E-06
 -2.5629997E-06
 -1.5795231E-06
 -1.1920929E-06
 -6.5565109E-07
 -9.8347664E-07
 -3.5762787E-07
  2.9802322E-08
 -3.5762787E-07
  2.9802322E-07
  2.9802322E-08
 -3.5762787E-07
 -5.3644180E-07
 -8.9406967E-08
 -8.6426735E-07
 -1.1920929E-06
 -1.9669533E-06
 -2.5331974E-06
 -2.8014183E-06
 -3.9041042E-06
 -4.1127205E-06
 -4.5150518E-06
 -5.3048134E-06
 -6.3031912E-06
 -6.8619847E-06
 -7.7858567E-06
 -8.4592029E-06
 -8.9742243E-06
 -9.0599060E-06
 -7.8231096E-06
 -8.2999468E-06
 -9.2387199E-06
 -7.9274178E-06
 -6.2882900E-06
 -8.1062317E-06
 -9.4175339E-06
 -7.9870224E-06
 -8.1360340E-06
 -8.8289380E-06
 -8.7693334E-06
 -8.2934275E-06
 -7.7560544E-06
 -6.8992376E-06
 -6.6161156E-06
 -5.7965517E-06
 -4.9322844E-06
 -4.1127205E-06
 -3.5762787E-06
 -2.9206276E-06
 -2.5928020E-06
 -2.3543835E-06
 -1.6391277E-06
 -5.9604645E-07
 -8.9406967E-07
 -1.4901161E-07
 -6.5565109E-07
  1.4901161E-07
  2.9802322E-07
 -5.9604645E-07
 -7.4505806E-07
 -2.6822090E-07
 -1.0430813E-06
 -1.8477440E-06
 -2.3841858E-06
 -2.5033951E-06
 -2.5331974E-06
 -3.1888485E-06
 -4.0233135E-06
 -5.0067902E-06
 -5.3346157E-06
 -6.0945749E-06
 -6.5639615E-06
 -7.1935356E-06
 -7.4282289E-06
 -7.5325370E-06
 -7.4952841E-06
 -6.7204237E-06
 -4.2617321E-06
 -2.6524067E-06
 -2.5928020E-06
 -2.7716160E-06
 -2.6226044E-06
 -2.2947788E-06
 -4.1723251E-06
 -6.1541796E-06
 -7.4654818E-06
 -7.5697899E-06
 -7.4133277E-06
 -7.0519745E-06
 -6.6384673E-06
 -5.9604645E-06
 -5.4091215E-06
 -4.6640635E-06
 -3.9786100E-06
 -3.4570694E-06
 -3.0994415E-06
 -2.4735928E-06
 -1.7881393E-06
 -1.4901161E-06
 -1.2814999E-06
 -5.0663948E-07
 -2.9802322E-07
 -5.3644180E-07
  4.7683716E-07
 -2.6822090E-07
 -2.3841858E-07
 -2.6822090E-07
 -2.6822090E-07
 -1.7881393E-07
 -1.2814999E-06
 -1.8179417E-06
 -1.6391277E-06
 -2.3543835E-06
 -3.0994415E-06
 -3.3378601E-06
 -4.0233135E-06
 -4.7087669E-06
 -5.4389238E-06
 -5.7965517E-06
 -6.2286854E-06
 -6.5136701E-06
 -6.6459179E-06
 -6.2212348E-06
 -5.9306622E-06
 -5.4538250E-06
 -4.1723251E-06
 -1.9073486E-06
  1.1920929E-07
  1.6093254E-06
  5.6624413E-07
 -1.9371510E-06
 -4.2319298E-06
 -5.2303076E-06
 -6.1541796E-06
 -6.5341592E-06
 -6.5453351E-06
 -6.4624473E-06
 -6.2063336E-06
 -5.6400895E-06
 -5.2899122E-06
 -4.9024820E-06
 -3.7848949E-06
 -3.6656857E-06
 -2.9206276E-06
 -2.4139881E-06
 -1.9669533E-06
 -1.4901161E-06
 -6.5565109E-07
 -1.1920929E-07
 -9.5367432E-07
 -5.6624413E-07
 -1.4901161E-07
 -5.9604645E-08
  2.9802322E-07
 -5.0663948E-07
 -2.6822090E-07
 -2.6822090E-07
 -8.9406967E-07
 -1.3113022E-06
 -1.7583370E-06
 -2.5331974E-06
 -3.0398369E-06
 -3.2484531E-06
 -3.6358833E-06
 -4.4256449E-06
 -5.1558018E-06
 -5.3346157E-06
 -5.7928264E-06
 -5.9716403E-06
 -6.0126185E-06
 -5.5730343E-06
 -4.7087669E-06
 -4.0531158E-06
 -3.2484531E-06
 -2.2649765E-06
 -2.1159649E-06
 -6.5565109E-07
 -1.4007092E-06
 -2.2053719E-06
 -3.2484531E-06
 -4.0829182E-06
 -4.7832727E-06
 -5.3346157E-06
 -5.8040023E-06
 -5.9511513E-06
 -5.7630241E-06
 -5.2899122E-06
 -5.2154064E-06
 -4.6938658E-06
 -4.3809414E-06
 -3.5613775E-06
 -3.0696392E-06
 -2.4437904E-06
 -1.6987324E-06
 -1.2218952E-06
 -5.0663948E-07
 -7.1525574E-07
 -3.2782555E-07
 -3.5762787E-07
  1.1920929E-07
  5.6624413E-07
 -8.9406967E-08
 -4.1723251E-07
 -3.2782555E-07
 -5.0663948E-07
 -8.9406967E-07
 -1.6391277E-06
 -1.0728836E-06
 -2.3543835E-06
 -2.2351742E-06
 -3.6060810E-06
 -4.1425228E-06
 -4.3213367E-06
 -4.8130751E-06
 -5.0738454E-06
 -5.3346157E-06
 -5.3830445E-06
 -5.2824616E-06
 -4.6789646E-06
 -4.0233135E-06
 -3.0100346E-06
 -2.2351742E-06
 -1.4305115E-06
 -8.0466270E-07
 -5.6624413E-07
  2.0861626E-07
 -1.1622906E-06
 -1.9967556E-06
 -2.9504299E-06
 -4.5150518E-06
 -4.4852495E-06
 -5.1185489E-06
 -5.4389238E-06
 -5.3271651E-06
 -5.2228570E-06
 -4.9471855E-06
 -4.6193600E-06
 -4.2170286E-06
 -3.7103891E-06
 -2.9206276E-06
 -2.6822090E-06
 -2.1159649E-06
 -1.1622906E-06
 -1.3113022E-06
 -7.1525574E-07
 -5.0663948E-07
 -2.9802322E-08
  3.8743019E-07
  4.7683716E-07
 -1.1920929E-07
 -5.0663948E-07
 -4.1723251E-07
 -3.2782555E-07
 -9.5367432E-07
 -1.5795231E-06
 -1.7881393E-06
 -2.6822090E-06
 -2.5928020E-06
 -3.5911798E-06
 -4.2021275E-06
 -4.1425228E-06
 -4.8354268E-06
 -5.0738454E-06
 -4.9993396E-06
 -4.9658120E-06
 -4.6789646E-06
 -4.1872263E-06
 -3.5762787E-06
 -2.7120113E-06
 -1.6689301E-06
 -7.1525574E-07
 -5.0663948E-07
 -1.4901161E-07
 -1.1920929E-07
 -9.2387199E-07
 -1.2814999E-06
 -2.8610229E-06
 -3.5017729E-06
 -4.0829182E-06
 -4.8428774E-06
 -5.1036477E-06
 -4.9490482E-06
 -4.8503280E-06
 -4.6715140E-06
 -4.2766333E-06
 -3.6805868E-06
 -3.4868717E-06
 -3.2484531E-06
 -2.2351742E-06
 -2.0563602E-06
 -1.8477440E-06
 -1.1026859E-06
 -1.4901161E-07
 -4.7683716E-07
 -4.4703484E-07
  5.9604645E-08
  4.7683716E-07
 -2.0861626E-07
 -4.1723251E-07
 -8.6426735E-07
 -1.4305115E-06
 -2.1755695E-06
 -2.6226044E-06
 -2.7716160E-06
 -3.3527613E-06
 -3.9339066E-06
 -4.4852495E-06
 -4.6268106E-06
 -4.6864152E-06
 -4.6845526E-06
 -4.5672059E-06
 -4.2542815E-06
 -3.8743019E-06
 -2.8461218E-06
 -2.5331974E-06
 -9.5367432E-07
 -1.3113022E-06
 -3.5762787E-07
  2.9802322E-08
 -2.3841858E-07
 -9.8347664E-07
 -1.2814999E-06
 -2.3245811E-06
 -2.9355288E-06
 -3.9488077E-06
 -4.4703484E-06
 -4.5895576E-06
 -4.7064386E-06
 -4.6379864E-06
 -4.5076013E-06
 -4.3213367E-06
 -4.1574240E-06
 -3.6358833E-06
 -3.5762787E-06
 -2.2649765E-06
 -2.0861626E-06
 -1.3709068E-06
 -1.4901161E-06
 -9.5367432E-07
 -2.0861626E-07
 -2.9802322E-08
  1.7881393E-07
 -1.1920929E-07
 -8.9406967E-08
 -3.2782555E-07
 -1.0430813E-06
 -9.8347664E-07
 -1.4007092E-06
 -2.5331974E-06
 -2.7120113E-06
 -3.1292439E-06
 -3.5315752E-06
 -3.6209822E-06
 -4.3064356E-06
 -4.3138862E-06
 -4.5523047E-06
 -4.4927583E-06
 -4.1611493E-06
 -4.1276217E-06
 -3.2931566E-06
 -2.6524067E-06
 -2.1755695E-06
 -1.0132790E-06
 -1.4007092E-06
 -5.6624413E-07
  3.2782555E-07
 -5.9604645E-07
 -7.4505806E-07
 -1.0728836E-06
 -2.1159649E-06
 -2.8312206E-06
 -3.5166740E-06
 -4.0978193E-06
 -4.1872263E-06
 -4.3311156E-06
 -4.6789646E-06
 -4.6193600E-06
 -4.3511391E-06
 -4.0382147E-06
 -3.4868717E-06
 -3.3676624E-06
 -2.2351742E-06
 -2.5629997E-06
 -1.8179417E-06
 -5.6624413E-07
 -1.1920929E-06
 -4.7683716E-07
 -4.4703484E-07
 -2.3841858E-07
 -2.9802322E-08
 -5.3644180E-07
 -8.6426735E-07
 -8.0466270E-07
 -7.1525574E-07
 -1.6391277E-06
 -1.7583370E-06
 -2.7418137E-06
 -3.0100346E-06
 -3.6805868E-06
 -3.8743019E-06
 -4.1425228E-06
 -4.4405460E-06
 -4.6603382E-06
 -4.3604523E-06
 -4.1201711E-06
 -3.7103891E-06
 -3.3080578E-06
 -2.1606684E-06
 -1.7285347E-06
 -1.0132790E-06
 -9.5367432E-07
 -3.8743019E-07
  1.1920929E-07
 -3.2782555E-07
 -8.0466270E-07
 -9.5367432E-07
 -1.6391277E-06
 -2.3841858E-06
 -2.8908253E-06
 -3.6358833E-06
 -4.0605664E-06
 -4.2384490E-06
 -4.5113266E-06
 -4.4852495E-06
 -4.4703484E-06
 -4.2319298E-06
 -3.8892031E-06
 -3.3378601E-06
 -3.0398369E-06
 -2.2351742E-06
 -1.4901161E-06
 -1.1324883E-06
 -9.5367432E-07
 -4.1723251E-07
 -2.6822090E-07
 -2.9802322E-08
  1.1920929E-07
 -1.1920929E-07
 -2.9802322E-07
 -3.5762787E-07
 -4.7683716E-07
 -7.7486038E-07
 -1.7881393E-06
 -1.9669533E-06
 -2.7418137E-06
 -3.2186508E-06
 -3.7848949E-06
 -3.8892031E-06
 -4.4107437E-06
 -4.3585896E-06
 -4.3958426E-06
 -4.1960739E-06
 -3.9190054E-06
 -3.2931566E-06
 -2.9504299E-06
 -2.3394823E-06
 -1.8179417E-06
 -1.1026859E-06
 -5.6624413E-07
 -1.1920929E-06
  5.9604645E-08
 -3.5762787E-07
 -4.7683716E-07
 -1.3113022E-06
 -1.6987324E-06
 -2.7418137E-06
 -2.7865171E-06
 -3.3825636E-06
 -3.8370490E-06
 -4.3120235E-06
 -4.4442713E-06
 -4.5448542E-06
 -4.2915344E-06
 -4.3213367E-06
 -3.8892031E-06
 -3.6060810E-06
 -2.7716160E-06
 -2.0861626E-06
 -1.7285347E-06
 -1.0132790E-06
 -1.2218952E-06
 -8.9406967E-08
 -2.0861626E-07
  2.9802322E-08
  2.6822090E-07
 -3.5762787E-07
 -5.9604645E-08
  8.9406967E-08
 -3.2782555E-07
 -9.2387199E-07
 -1.4305115E-06
 -2.2649765E-06
 -2.9802322E-06
 -3.3080578E-06
 -3.3974648E-06
 -4.1425228E-06
 -4.2468309E-06
 -4.5448542E-06
 -4.2840838E-06
 -4.1029416E-06
 -4.0307641E-06
 -3.4570694E-06
 -3.1888485E-06
 -2.4288893E-06
 -1.0132790E-06
 -5.6624413E-07
 -1.0430813E-06
 -5.6624413E-07
 -2.6822090E-07
 -1.4901161E-07
 -1.0430813E-06
 -1.6689301E-06
 -2.1904707E-06
 -2.8610229E-06
 -3.5613775E-06
 -4.0084124E-06
 -4.2533502E-06
 -4.2244792E-06
 -4.4256449E-06
 -4.6193600E-06
 -3.7550926E-06
 -4.0829182E-06
 -3.6656857E-06
 -3.2484531E-06
 -3.0696392E-06
 -1.9967556E-06
 -3.2782555E-07
 -2.0861626E-07
 -7.1525574E-07
  1.1920929E-07
 -2.6822090E-07
  2.9802322E-08
  5.9604645E-08
  2.9802322E-08
  6.8545341E-07
 -3.2782555E-07
 -1.4603138E-06
 -1.4603138E-06
 -1.9073486E-06
 -3.0994415E-06
 -3.4570694E-06
 -3.5762787E-06
 -4.0233135E-06
 -4.3362379E-06
 -4.5746565E-06
 -4.4591725E-06
 -4.0971208E-06
 -3.8295984E-06
 -3.1441450E-06
 -2.9355288E-06
 -1.8626451E-06
 -8.6426735E-07
 -8.6426735E-07
 -5.9604645E-07
 -3.8743019E-07
  2.9802322E-07
 -2.9802322E-07
 -7.7486038E-07
 -6.2584877E-07
 -1.1622906E-06
 -2.0563602E-06
 -2.8759241E-06
 -3.2782555E-06
 -3.8146973E-06
 -4.3483451E-06
 -4.3958426E-06
 -4.5746565E-06
 -4.5150518E-06
 -4.3213367E-06
 -4.3213367E-06
 -3.3378601E-06
 -3.3080578E-06
 -2.5629997E-06
 -1.4305115E-06
 -1.2814999E-06
 -8.0466270E-07
 -6.8545341E-07
  6.8545341E-07
  6.2584877E-07
  5.3644180E-07
 -1.1920929E-07
 -5.9604645E-08
 -2.9802322E-07
 -9.2387199E-07
 -1.7881393E-06
 -1.9967556E-06
 -2.3841858E-06
 -3.0100346E-06
 -3.4570694E-06
 -4.2319298E-06
 -4.2021275E-06
 -4.5001507E-06
 -4.4703484E-06
 -4.4927001E-06
 -4.1341991E-06
 -3.7774444E-06
 -3.3080578E-06
 -2.9057264E-06
 -1.7434359E-06
 -1.7285347E-06
 -4.7683716E-07
 -4.4703484E-07
 -5.6624413E-07
 -8.9406967E-07
 -4.4703484E-07
 -5.6624413E-07
 -1.1324883E-06
 -2.0414591E-06
 -2.5033951E-06
 -3.3676624E-06
 -3.7997961E-06
 -4.1793101E-06
 -4.3362379E-06
 -4.5374036E-06
 -4.5746565E-06
 -4.6640635E-06
 -3.9041042E-06
 -3.5464764E-06
 -2.7716160E-06
 -2.3841858E-06
 -1.2516975E-06
 -1.4603138E-06
 -1.0132790E-06
  2.0861626E-07
  8.3446503E-07
  1.0132790E-06
  9.8347664E-07
  1.1920929E-06
  5.3644180E-07
  3.8743019E-07
 -4.7683716E-07
 -1.6093254E-06
 -1.7583370E-06
 -3.0398369E-06
 -2.8312206E-06
 -3.7848949E-06
 -3.9935112E-06
 -4.4554472E-06
 -4.4256449E-06
 -4.6342611E-06
 -4.4927001E-06
 -4.1569583E-06
 -3.8333237E-06
 -3.3751130E-06
 -2.9802322E-06
 -1.4603138E-06
 -1.5199184E-06
 -8.3446503E-07
 -3.2782555E-07
  1.4901161E-07
  3.5762787E-07
 -5.0663948E-07
 -1.0728836E-06
 -1.9371510E-06
 -1.6987324E-06
 -2.6226044E-06
 -2.9802322E-06
 -3.7774444E-06
 -4.2757019E-06
 -4.5970082E-06
 -4.5299530E-06
 -4.7534704E-06
 -4.6640635E-06
 -3.6656857E-06
 -3.4868717E-06
 -3.1292439E-06
 -2.7716160E-06
 -1.5795231E-06
 -8.9406967E-07
  5.3644180E-07
  4.4703484E-07
 -3.5762787E-07
 -1.0132790E-06
 -1.5795231E-06
 -3.5762787E-07
 -5.9604645E-08
 -1.1920929E-07
  4.1723251E-07
 -6.8545341E-07
 -2.2947788E-06
 -2.6524067E-06
 -2.6524067E-06
 -3.5464764E-06
 -3.7848949E-06
 -4.3958426E-06
 -4.5895576E-06
 -4.5597553E-06
 -4.5895576E-06
 -4.2775646E-06
 -3.7774444E-06
 -3.3006072E-06
 -2.5779009E-06
 -1.8626451E-06
 -1.6093254E-06
 -1.3113022E-06
 -5.0663948E-07
  4.7683716E-07
  2.3841858E-07
  2.9802322E-07
 -6.2584877E-07
 -2.0861626E-07
 -1.3113022E-06
 -1.8477440E-06
 -2.7120113E-06
 -3.1962991E-06
 -3.9190054E-06
 -4.3017790E-06
 -4.6640635E-06
 -4.7087669E-06
 -5.0216913E-06
 -4.5895576E-06
 -3.7252903E-06
 -3.5166740E-06
 -2.7716160E-06
 -2.1755695E-06
 -1.2218952E-06
 -1.7881393E-07
 -7.1525574E-07
 -4.4703484E-07
 -1.1920929E-07
  1.9371510E-06
  2.9802322E-06
  1.9073486E-06
  6.5565109E-07
 -2.9802322E-07
  1.4901161E-07
 -2.9802322E-07
 -1.3411045E-06
 -2.6822090E-06
 -2.8610229E-06
 -3.3974648E-06
 -3.6656857E-06
 -4.4405460E-06
 -5.1110983E-06
 -4.7683716E-06
 -4.6789646E-06
 -4.4591725E-06
 -3.9264560E-06
 -3.2633543E-06
 -2.2500753E-06
 -1.8328428E-06
 -1.1622906E-06
 -6.5565109E-07
 -5.0663948E-07
 -3.2782555E-07
  4.7683716E-07
  1.7881393E-07
 -5.9604645E-07
 -1.0132790E-06
 -1.6838312E-06
 -2.6524067E-06
 -3.3155084E-06
 -4.0605664E-06
 -4.4312328E-06
 -4.7385693E-06
 -4.8130751E-06
 -4.9471855E-06
 -4.5001507E-06
 -4.3809414E-06
 -3.8743019E-06
 -2.8908253E-06
 -1.9967556E-06
 -6.8545341E-07
 -5.9604645E-07
 -1.7881393E-07
  2.8014183E-06
  6.4969063E-06
  6.3180923E-06
  6.4074993E-06
  7.2717667E-06
  6.5565109E-06
  2.7418137E-06
  1.1920929E-07
  2.3841858E-07
  8.9406967E-08
 -1.9073486E-06
 -2.5629997E-06
 -3.3378601E-06
 -3.9935112E-06
 -4.3511391E-06
 -4.7236681E-06
 -5.0663948E-06
 -4.8652291E-06
 -4.2803586E-06
 -3.8333237E-06
 -3.4496188E-06
 -2.6971102E-06
 -1.8924475E-06
 -1.6689301E-06
 -5.9604645E-07
 -7.4505806E-07
 -2.9802322E-07
 -2.3841858E-07
  1.1920929E-07
  5.9604645E-08
 -9.8347664E-07
 -1.4603138E-06
 -1.8030405E-06
 -3.0100346E-06
 -3.3378601E-06
 -3.9488077E-06
 -4.3772161E-06
 -4.6640635E-06
 -5.0812960E-06
 -5.3197145E-06
 -4.2617321E-06
 -4.1723251E-06
 -3.3378601E-06
 -2.4735928E-06
 -1.1026859E-06
  1.0430813E-06
  2.0861626E-07
  3.9339066E-06
  9.0599060E-06
  4.2915344E-06
 -4.1127205E-06
 -6.0200691E-06
 -3.9935112E-06
  4.2617321E-06
  8.8810921E-06
  3.8743019E-06
  2.0861626E-07
  5.9604645E-07
 -3.8743019E-07
 -2.5928020E-06
 -3.1292439E-06
 -4.0829182E-06
 -4.2617321E-06
 -4.8875809E-06
 -4.7385693E-06
 -4.8130751E-06
 -4.2878091E-06
 -3.9860606E-06
 -3.2857060E-06
 -2.6077032E-06
 -2.2798777E-06
 -1.4305115E-06
 -1.4305115E-06
 -4.7683716E-07
 -5.9604645E-07
 -2.3841858E-07
 -2.3841858E-07
 -1.4901161E-07
 -8.9406967E-07
 -1.3709068E-06
 -1.8477440E-06
 -2.9206276E-06
 -3.5241246E-06
 -4.0885061E-06
 -4.3958426E-06
 -4.5448542E-06
 -4.7534704E-06
 -4.6193600E-06
 -4.1425228E-06
 -3.8743019E-06
 -3.3676624E-06
 -1.7583370E-06
  7.7486038E-07
  1.2814999E-06
  1.9967556E-06
  1.0192394E-05
  7.9274178E-06
 -5.3644180E-07
  1.6152859E-05
  3.2812357E-05
  1.6391277E-05
  1.7881393E-07
  7.8082085E-06
  9.5665455E-06
  1.9669533E-06
  9.8347664E-07
  5.9604645E-08
 -2.0861626E-06
 -3.0994415E-06
 -3.5762787E-06
 -4.8279762E-06
 -4.4405460E-06
 -4.9322844E-06
 -5.0216913E-06
 -4.6081841E-06
 -4.0624291E-06
 -3.3080578E-06
 -2.8014183E-06
 -2.1606684E-06
 -1.6391277E-06
 -6.5565109E-07
 -1.7881393E-07
 -6.5565109E-07
  4.4703484E-07
 -2.3841858E-07
 -4.1723251E-07
 -5.3644180E-07
 -1.4305115E-06
 -2.2798777E-06
 -2.7269125E-06
 -3.4570694E-06
 -4.0084124E-06
 -4.3064356E-06
 -4.5448542E-06
 -5.0812960E-06
 -4.7385693E-06
 -3.9637089E-06
 -3.5166740E-06
 -2.0563602E-06
 -8.0466270E-07
  2.1755695E-06
  1.8775463E-06
  5.2750111E-06
  1.3351440E-05
  7.3313713E-06
  1.8581748E-05
  7.0199370E-05
  9.8660588E-05
  7.0065260E-05
  1.8447638E-05
  7.6293945E-06
  1.3977289E-05
  5.5134296E-06
  2.1457672E-06
  2.0265579E-06
 -5.9604645E-07
 -3.0100346E-06
 -3.6060810E-06
 -3.9637089E-06
 -4.4107437E-06
 -4.8130751E-06
 -4.6044588E-06
 -4.5150518E-06
 -3.8938597E-06
 -3.4570694E-06
 -2.7269125E-06
 -2.2500753E-06
 -1.2516975E-06
 -6.2584877E-07
 -8.0466270E-07
 -2.9802322E-07
 -1.1920929E-07
  1.1920929E-07
 -1.7881393E-07
 -2.3841858E-07
 -2.0861626E-06
 -1.6242266E-06
 -2.7865171E-06
 -3.4496188E-06
 -4.0950254E-06
 -4.5076013E-06
 -4.5001507E-06
 -5.0365925E-06
 -4.5299530E-06
 -4.1425228E-06
 -2.7418137E-06
 -1.6987324E-06
  8.9406967E-08
  2.5928020E-06
  3.3378601E-06
  7.5399876E-06
  1.5273690E-05
  1.2412667E-05
  2.8386712E-05
  3.7444755E-05
  1.9557774E-05
  3.6915299E-05
  2.8416514E-05
  1.2993813E-05
  1.5407801E-05
  7.6889992E-06
  3.6954880E-06
  2.7418137E-06
  2.3841858E-07
 -1.6391277E-06
 -2.8908253E-06
 -3.6656857E-06
 -4.5299530E-06
 -4.6491623E-06
 -5.0067902E-06
 -4.4628978E-06
 -4.0000305E-06
 -3.6656857E-06
 -2.7567148E-06
 -2.1457672E-06
 -1.5199184E-06
 -9.2387199E-07
 -7.7486038E-07
 -4.7683716E-07
  2.9802322E-07
 -5.9604645E-07
 -6.2584877E-07
 -1.1920929E-07
 -1.4007092E-06
 -2.0414591E-06
 -2.7716160E-06
 -3.4794211E-06
 -4.2142347E-06
 -4.3734908E-06
 -4.6342611E-06
 -4.3809414E-06
 -4.6789646E-06
 -3.3080578E-06
 -2.3841858E-06
 -5.0663948E-07
  6.2584877E-07
  4.0531158E-06
  4.8577785E-06
  8.7916851E-06
  1.5377998E-05
  1.6286969E-05
  2.3145229E-05
 -1.0132790E-06
 -3.9041042E-05
 -1.4007092E-06
  2.3372471E-05
  1.6368926E-05
  1.5199184E-05
  8.7618828E-06
  5.6326389E-06
  4.0531158E-06
  9.5367432E-07
 -1.2218952E-06
 -2.5928020E-06
 -4.1723251E-06
 -3.8444996E-06
 -5.0067902E-06
 -4.7683716E-06
 -4.5895576E-06
 -3.9059669E-06
 -3.3900142E-06
 -2.8461218E-06
 -2.3841858E-06
 -1.1920929E-06
 -8.9406967E-07
 -5.9604645E-08
  2.0861626E-07
 -1.1920929E-07
  2.6822090E-07
 -4.7683716E-07
 -1.0728836E-06
 -2.0265579E-06
 -2.4437904E-06
 -2.9802322E-06
 -3.5241246E-06
 -4.1062012E-06
 -4.3213367E-06
 -4.3958426E-06
 -4.2170286E-06
 -4.4107437E-06
 -2.5629997E-06
 -2.2053719E-06
 -8.9406967E-08
  8.6426735E-07
  4.3809414E-06
  6.5565109E-06
  8.2999468E-06
  1.2956560E-05
  1.4364254E-05
  1.8820167E-05
  1.7553568E-05
  1.0251999E-05
  1.7851591E-05
  1.8715858E-05
  1.4249235E-05
  1.2926757E-05
  8.5532665E-06
  6.7651272E-06
  4.6491623E-06
  1.0728836E-06
 -8.3446503E-07
 -1.7583370E-06
 -3.3676624E-06
 -3.7550926E-06
 -4.2319298E-06
 -4.1425228E-06
 -4.1723251E-06
 -3.8947910E-06
 -3.5427511E-06
 -2.7269125E-06
 -2.2649765E-06
 -1.1026859E-06
 -1.0728836E-06
 -5.0663948E-07
 -1.1920929E-07
  5.9604645E-08
 -8.9406967E-08
 -2.9802322E-07
 -1.2814999E-06
 -1.1622906E-06
 -2.4288893E-06
 -2.9951334E-06
 -3.3378601E-06
 -4.0046871E-06
 -4.2989850E-06
 -4.2617321E-06
 -4.2915344E-06
 -3.8743019E-06
 -2.0265579E-06
 -1.1026859E-06
  2.9802322E-08
  2.3245811E-06
  4.4107437E-06
  7.3313713E-06
  8.7171793E-06
  1.0546297E-05
  1.0192394E-05
  8.2999468E-06
  1.0460615E-05
  1.2695789E-05
  1.0132790E-05
  8.3446503E-06
  1.0266900E-05
  1.0479242E-05
  8.4638596E-06
  7.0035458E-06
  5.7220459E-06
  2.6226044E-06
  3.5762787E-07
 -5.0663948E-07
 -2.2351742E-06
 -3.5762787E-06
 -4.0531158E-06
 -4.5299530E-06
 -4.3958426E-06
 -3.9003789E-06
 -3.4496188E-06
 -2.7120113E-06
 -2.0265579E-06
 -1.2814999E-06
 -5.9604645E-07
 -2.9802322E-08
  6.2584877E-07
  1.1920929E-07
 -5.6624413E-07
 -3.8743019E-07
 -5.9604645E-07
 -1.6689301E-06
 -2.5033951E-06
 -2.9504299E-06
 -3.3900142E-06
 -4.0791929E-06
 -4.2021275E-06
 -4.0829182E-06
 -4.1425228E-06
 -3.0696392E-06
 -1.7881393E-06
 -1.1622906E-06
  9.2387199E-07
  3.3378601E-06
  4.8577785E-06
  7.1227551E-06
  8.0466270E-06
  8.6557120E-06
  8.3371997E-06
  5.2601099E-06
 -1.1920929E-07
 -2.2649765E-06
  1.7881393E-07
  4.3213367E-06
  8.3521008E-06
  8.5206702E-06
  8.0615282E-06
  6.8694353E-06
  4.8875809E-06
  3.5166740E-06
  7.4505806E-07
 -7.7486038E-07
 -1.8775463E-06
 -2.5331974E-06
 -3.5166740E-06
 -4.1425228E-06
 -4.1723251E-06
 -3.6135316E-06
 -3.2000244E-06
 -2.7716160E-06
 -2.4288893E-06
 -1.1622906E-06
 -8.0466270E-07
 -9.2387199E-07
 -1.7881393E-07
 -4.1723251E-07
  1.7881393E-07
 -3.2782555E-07
 -9.8347664E-07
 -1.5795231E-06
 -2.1755695E-06
 -2.9727817E-06
 -3.4160912E-06
 -3.8221478E-06
 -3.8295984E-06
 -4.0680170E-06
 -3.5464764E-06
 -3.1888485E-06
 -1.4603138E-06
 -8.6426735E-07
  1.1324883E-06
  3.1888485E-06
  4.6193600E-06
  6.1690807E-06
  6.9886446E-06
  6.9048256E-06
  6.6906214E-06
  5.2750111E-06
  3.6954880E-06
  2.2649765E-06
  3.4570694E-06
  5.5730343E-06
  6.3627958E-06
  6.9532543E-06
  7.1078539E-06
  6.3329935E-06
  4.7385693E-06
  2.8610229E-06
  1.1622906E-06
 -5.0663948E-07
 -3.5762787E-07
 -2.5331974E-06
 -3.6656857E-06
 -3.8743019E-06
 -3.7550926E-06
 -3.8333237E-06
 -3.4421682E-06
 -2.8461218E-06
 -2.2351742E-06
 -1.7881393E-06
 -1.4305115E-06
 -2.0861626E-07
 -2.0861626E-07
 -1.0132790E-06
 -5.9604645E-07
 -5.0663948E-07
 -7.1525574E-07
 -9.8347664E-07
 -2.3841858E-06
 -2.9057264E-06
 -3.3900142E-06
 -3.9301813E-06
 -3.9488077E-06
 -3.6954880E-06
 -3.4868717E-06
 -2.6524067E-06
 -1.1920929E-06
 -3.8743019E-07
  1.9073486E-06
  2.9206276E-06
  4.5895576E-06
  5.5432320E-06
  5.9977174E-06
  5.8189034E-06
  4.5746565E-06
  3.2186508E-06
  1.5497208E-06
  1.9669533E-06
  1.4305115E-06
  3.0398369E-06
  4.4107437E-06
  5.6251884E-06
  5.9306622E-06
  5.8114529E-06
  4.6491623E-06
  3.0994415E-06
  1.4603138E-06
  1.4901161E-07
 -1.1324883E-06
 -2.7418137E-06
 -2.9206276E-06
 -3.7252903E-06
 -3.6954880E-06
 -3.5390258E-06
 -3.2298267E-06
 -2.8461218E-06
 -2.5480986E-06
 -1.9073486E-06
 -5.9604645E-07
 -2.3841858E-07
  1.4901161E-07
  5.6624413E-07
 -2.0861626E-07
 -1.1920929E-07
 -8.3446503E-07
 -1.7583370E-06
 -2.1010637E-06
 -2.9206276E-06
 -3.3080578E-06
 -3.6470592E-06
 -3.6507845E-06
 -3.7848949E-06
 -3.2186508E-06
 -1.6093254E-06
 -7.1525574E-07
 -2.9802322E-07
  1.4305115E-06
  3.1590462E-06
  4.9471855E-06
  4.7534704E-06
  5.0254166E-06
  4.6640635E-06
  3.2782555E-06
  2.3841858E-06
  1.1920929E-07
  3.5762787E-07
  6.5565109E-07
  1.9669533E-06
  3.3527613E-06
  4.7162175E-06
  5.2601099E-06
  4.7832727E-06
  4.0531158E-06
  3.0696392E-06
  2.2649765E-06
  1.0132790E-06
 -1.1920929E-06
 -1.9669533E-06
 -3.2484531E-06
 -3.5166740E-06
 -3.8444996E-06
 -3.5017729E-06
 -3.1273812E-06
 -2.8908253E-06
 -2.2947788E-06
 -1.7583370E-06
 -9.5367432E-07
 -2.9802322E-08
 -8.3446503E-07
 -5.9604645E-08
  8.9406967E-08
  5.9604645E-08
 -4.4703484E-07
 -1.4007092E-06
 -1.9967556E-06
 -2.9355288E-06
 -3.3508986E-06
 -3.6060810E-06
 -3.7997961E-06
 -3.9637089E-06
 -3.0100346E-06
 -1.8179417E-06
 -1.1026859E-06
 -2.3841858E-07
  1.5199184E-06
  2.8610229E-06
  4.0233135E-06
  4.3809414E-06
  4.6696514E-06
  3.9413571E-06
  3.0994415E-06
  2.5331974E-06
  7.7486038E-07
  5.9604645E-07
  6.5565109E-07
  2.1159649E-06
  2.8759241E-06
  3.7997961E-06
  4.4628978E-06
  4.7683716E-06
  4.4405460E-06
  2.8312206E-06
  1.1324883E-06
 -3.5762787E-07
 -9.8347664E-07
 -1.6093254E-06
 -3.3378601E-06
 -3.8444996E-06
 -3.5762787E-06
 -3.6507845E-06
 -3.4533441E-06
 -2.6822090E-06
 -2.2947788E-06
 -1.1920929E-06
 -1.3113022E-06
 -7.4505806E-07
  3.5762787E-07
  5.9604645E-08
  1.7881393E-07
 -4.7683716E-07
 -1.3709068E-06
 -1.7285347E-06
 -2.2351742E-06
 -2.6971102E-06
 -3.3322722E-06
 -3.6582351E-06
 -3.6060810E-06
 -3.5166740E-06
 -3.3080578E-06
 -2.2053719E-06
 -3.5762787E-07
  2.9802322E-08
  1.9967556E-06
  2.8908253E-06
  3.4421682E-06
  4.2766333E-06
  3.8463622E-06
  3.1888485E-06
  2.1755695E-06
  1.2516975E-06
  5.9604645E-07
 -5.0663948E-07
  7.7486038E-07
  1.0728836E-06
  2.2947788E-06
  3.2410026E-06
  4.0801242E-06
  4.0829182E-06
  3.2037497E-06
  2.5629997E-06
  1.8775463E-06
  2.9802322E-08
 -2.3841858E-07
 -2.3245811E-06
 -3.0100346E-06
 -3.3527613E-06
 -3.8146973E-06
 -3.6731362E-06
 -3.2968819E-06
 -2.8312206E-06
 -2.6226044E-06
 -1.7285347E-06
 -9.2387199E-07
 -4.7683716E-07
  2.6822090E-07
 -5.0663948E-07
 -2.9802322E-08
 -8.3446503E-07
 -1.0728836E-06
 -1.5497208E-06
 -2.2351742E-06
 -3.0621886E-06
 -3.4328550E-06
 -3.6209822E-06
 -3.6507845E-06
 -3.1143427E-06
 -2.6226044E-06
 -1.9967556E-06
 -6.8545341E-07
  3.5762787E-07
  1.1622906E-06
  3.0100346E-06
  3.0845404E-06
  3.7178397E-06
  3.4128316E-06
  3.1292439E-06
  2.3096800E-06
  1.5497208E-06
  7.4505806E-07
 -5.0663948E-07
  3.2782555E-07
  8.9406967E-07
  2.1010637E-06
  2.9876828E-06
  3.5990961E-06
  3.7774444E-06
  3.3080578E-06
  2.3841858E-06
  2.0265579E-06
  8.6426735E-07
 -6.8545341E-07
 -2.2649765E-06
 -3.4570694E-06
 -3.0994415E-06
 -3.6656857E-06
 -3.6358833E-06
 -3.3676624E-06
 -2.9876828E-06
 -2.5182962E-06
 -1.3709068E-06
 -1.0728836E-06
 -2.6822090E-07
  3.2782555E-07
 -2.9802322E-08
 -5.9604645E-08
 -7.7486038E-07
 -8.0466270E-07
 -1.4603138E-06
 -2.4288893E-06
 -2.9653311E-06
 -3.6526471E-06
 -3.7923455E-06
 -3.8295984E-06
 -3.3825636E-06
 -3.1590462E-06
 -2.2053719E-06
 -2.0861626E-07
  5.9604645E-07
  1.4603138E-06
  2.3841858E-06
  3.5464764E-06
  3.2559037E-06
  3.0966476E-06
  2.8684735E-06
  1.8030405E-06
  1.3709068E-06
  6.2584877E-07
 -1.7881393E-07
  5.3644180E-07
  6.5565109E-07
  2.1457672E-06
  2.5779009E-06
  3.3206306E-06
  3.3825636E-06
  3.5762787E-06
  3.1888485E-06
  2.4735928E-06
  5.6624413E-07
 -1.1920929E-06
 -1.4305115E-06
 -3.2186508E-06
 -3.1292439E-06
 -3.7550926E-06
 -3.7476420E-06
 -3.4430996E-06
 -3.2261014E-06
 -2.7120113E-06
 -1.9669533E-06
 -5.3644180E-07
  2.9802322E-07
  2.9802322E-07
  3.2782555E-07
 -2.9802322E-08
 -5.0663948E-07
 -1.1622906E-06
 -1.6689301E-06
 -2.2649765E-06
 -3.0696392E-06
 -3.4868717E-06
 -3.8743019E-06
 -3.6209822E-06
 -3.0845404E-06
 -2.4437904E-06
 -1.6093254E-06
 -8.6426735E-07
  5.3644180E-07
  2.2351742E-06
  3.0100346E-06
  3.1441450E-06
  3.3527613E-06
  2.8791837E-06
  2.6598573E-06
  1.4454126E-06
  1.4305115E-06
  4.4703484E-07
  5.0663948E-07
  4.7683716E-07
  3.2782555E-07
  1.3411045E-06
  2.3096800E-06
  3.0277297E-06
  3.1739473E-06
  3.3527613E-06
  3.0696392E-06
  1.8775463E-06
  5.9604645E-07
 -4.1723251E-07
 -1.7881393E-06
 -2.9802322E-06
 -3.0994415E-06
 -4.1723251E-06
 -3.8295984E-06
 -3.7159771E-06
 -3.4496188E-06
 -3.0398369E-06
 -2.4437904E-06
 -7.4505806E-07
 -1.7881393E-07
  5.9604645E-08
  8.0466270E-07
  1.4901161E-07
 -2.9802322E-07
 -7.4505806E-07
 -1.9669533E-06
 -2.5331974E-06
 -3.2410026E-06
 -3.7159771E-06
 -3.9190054E-06
 -3.8295984E-06
 -3.7252903E-06
 -2.9504299E-06
 -2.2947788E-06
