         001962
         001999
         002062
         002098
         002142
         002166
         002204
         002223
         002252
         002272
         002287
         002309
         002330
         002340
         002356
         002363
         002373
         002384
         002392
         002389
         002404
         002409
         002403
         002406
         002411
         002409
         002411
         002417
         002408
         002403
         002381
         002379
         002362
         002346
         002326
         002300
         002265
         002217
         002084
         001971
         001949
         001925
         001928
         001936
         001942
         001940
         001942
         001962
         001969
         001985
         001990
         001999
         002019
         002034
         002042
         002048
         002054
         002062
         002064
         002072
         002071
         002070
         002069
         002067
         002069
         002068
         002070
         002072
         002077
         002073
         002075
         002075
         002074
         002071
         002066
         002064
         002062
         002059
         002052
         002059
         002055
         002051
         002053
         002053
         002054
         002055
         002051
         002048
         002047
         002045
         002038
         002034
         002034
         002032
         002030
         002035
         002037
         002035
         002030
         002029
         002032
         002025
         002025
         002022
         002023
         002025
         002021
         002019
         002015
         002014
         002011
         002011
         002007
         002009
         002012
         002012
         002008
         002014
         002008
         002009
         002003
         002004
         001993
         001992
         001991
         001989
         001986
         001988
         001988
         001991
         001985
         001987
         001990
         001989
         001985
         001985
         001978
         001982
         001976
         001977
         001970
         001973
         001971
         001965
         001967
         001965
         001970
         001967
         001968
         001965
         001971
         001967
         001970
         001974
         001974
         001972
         001973
         001973
         001975
         001967
         001967
         001967
         001967
         001966
         001963
         001960
         001963
         001963
         001962
         001963
         001966
         001964
         001967
         001966
         001970
         001968
         001967
         001965
         001965
         001964
         001966
         001964
         001963
         001964
         001964
         001964
         001958
         001954
         001955
         001950
         001945
         001948
         001939
         001940
         001942
         001937
         001935
         001931
         001923
         001929
         001920
         001920
         001919
         001924
         001921
         001919
         001918
         001919
         001916
         001914
         001911
         001907
         001906
         001913
         001909
         001906
         001901
         001909
         001904
         001903
         001899
         001900
         001899
         001896
         001895
         001890
         001887
         001892
         001891
         001887
         001890
         001883
         001884
         001880
         001877
         001871
         001873
         001872
         001870
         001872
         001871
         001866
         001865
         001861
         001860
         001855
         001863
         001860
         001861
         001858
         001851
         001853
         001848
         001845
         001839
         001841
         001843
         001839
         001843
         001837
         001837
         001834
         001833
         001829
         001826
         001828
         001825
         001825
         001820
         001821
         001818
         001807
         001809
         001806
         001806
         001799
         001797
         001797
         001793
         001793
         001790
         001783
         001781
         001783
         001780
         001781
         001781
         001776
         001776
         001778
         001769
         001769
         001765
         001766
         001761
         001765
         001762
         001759
         001757
         001758
         001754
         001750
         001752
         001749
         001741
         001741
         001743
         001735
         001733
         001729
         001726
         001725
         001727
         001727
         001725
         001726
         001718
         001721
         001714
         001716
         001714
         001713
         001706
         001704
         001707
         001702
         001700
         001700
         001697
         001697
         001693
         001693
         001691
         001688
         001688
         001680
         001679
         001675
         001673
         001668
         001663
         001660
         001656
         001657
         001652
         001657
         001653
         001654
         001651
         001654
         001652
         001648
         001653
         001642
         001647
         001641
         001640
         001637
         001640
         001637
         001635
         001633
         001635
         001625
         001629
         001620
         001614
         001617
         001610
         001610
         001603
         001601
         001601
         001602
         001597
         001595
         001592
         001592
         001587
         001584
         001583
         001580
         001580
         001577
         001572
         001565
         001567
         001560
         001551
         001552
         001548
         001546
         001537
         001537
         001530
         001528
         001524
         001524
         001519
         001517
         001514
         001516
         001508
         001511
         001508
         001504
         001502
         001500
         001500
         001494
         001497
         001486
         001487
         001481
         001479
         001476
         001479
         001473
         001470
         001467
         001466
         001461
         001458
         001451
         001444
         001443
         001444
         001439
         001437
         001434
         001430
         001424
         001415
         001421
         001414
         001411
         001411
         001408
         001407
         001395
         001395
         001384
         001384
         001378
         001365
         001363
         001360
         001361
         001357
         001356
         001352
         001347
         001346
         001341
         001329
         001326
         001325
         001315
         001307
         001307
         001301
         001297
         001289
         001292
         001288
         001282
         001276
         001271
         001269
         001259
         001259
         001250
         001245
         001248
         001241
         001234
         001231
         001228
         001220
         001222
         001220
         001212
         001210
         001206
         001199
         001191
         001195
         001187
         001189
         001184
         001185
         001182
         001174
         001172
         001168
         001167
         001165
         001164
         001155
         001157
         001157
         001149
         001146
         001141
         001140
         001134
         001133
         001130
         001120
         001124
         001119
         001115
         001113
         001110
         001110
         001106
         001108
         001101
         001097
         001094
         001089
         001086
         001087
         001084
         001080
         001080
         001081
         001081
         001077
         001077
         001069
         001069
         001065
         001062
         001059
         001058
         001053
         001049
         001047
         001044
         001043
         001041
         001038
         001031
         001031
         001030
         001024
         001016
         001011
         001005
         001009
         001004
         001002
         000995
         000993
         000988
         000988
         000993
         000985
         000984
         000987
         000983
         000980
         000968
         000967
         000971
         000961
         000950
         000949
         000946
         000944
         000939
         000936
         000931
         000932
         000925
         000924
         000925
         000921
         000921
         000920
         000914
         000911
         000902
         000903
         000903
         000902
         000895
         000891
         000888
         000886
         000888
         000878
         000875
         000872
         000873
         000872
         000866
         000859
         000862
         000860
         000856
         000849
         000851
         000848
         000846
         000841
         000840
         000840
         000839
         000834
         000832
         000824
         000827
         000821
         000819
         000818
         000815
         000811
         000810
         000805
         000805
         000794
         000793
         000789
         000789
         000790
         000784
         000784
         000778
         000777
         000774
         000772
         000770
         000765
         000764
         000766
         000758
         000757
         000760
         000752
         000753
         000754
         000749
         000744
         000744
         000738
         000740
         000733
         000732
         000724
         000724
         000721
         000719
         000707
         000712
         000706
         000697
         000703
         000687
         000683
         000682
         000684
         000675
         000672
         000663
         000667
         000662
         000659
         000660
         000654
         000650
         000652
         000645
         000636
         000641
         000634
         000636
         000631
         000629
         000626
         000624
         000619
         000618
         000611
         000613
         000609
         000608
         000602
         000600
         000597
         000593
         000595
         000591
         000590
         000586
         000582
         000579
         000581
         000577
         000574
         000573
         000566
         000559
         000556
         000555
         000551
         000554
         000546
         000542
         000541
         000537
         000540
         000527
         000526
         000523
         000522
         000520
         000523
         000523
         000520
         000515
         000514
         000508
         000506
         000505
         000502
         000504
         000495
         000494
         000491
         000487
         000486
         000482
         000480
         000477
         000469
         000464
         000458
         000461
         000458
         000462
         000453
         000453
         000449
         000446
         000445
         000439
         000443
         000439
         000435
         000434
         000430
         000427
         000424
         000423
         000416
         000418
         000415
         000414
         000409
         000410
         000404
         000405
         000402
         000400
         000399
         000400
         000397
         000399
         000398
         000394
         000393
         000393
         000393
         000384
         000381
         000382
         000380
         000382
         000378
         000366
         000367
         000368
         000363
         000359
         000358
         000354
         000351
         000347
         000347
         000343
         000338
         000336
         000335
         000327
         000326
         000324
         000321
         000318
         000317
         000312
         000310
         000310
         000306
         000308
         000305
         000304
         000301
         000297
         000299
         000297
         000297
         000294
         000292
         000290
         000285
         000284
         000284
         000278
         000278
         000275
         000274
         000269
         000267
         000265
         000266
         000265
         000258
         000255
         000255
         000252
         000252
         000245
         000244
         000246
         000243
         000240
         000238
         000239
         000233
         000228
         000229
         000224
         000220
         000221
         000217
         000214
         000214
         000213
         000210
         000207
         000200
         000200
         000195
         000194
         000191
         000187
         000186
         000185
         000187
         000183
         000181
         000180
         000176
         000176
         000174
         000173
         000169
         000168
         000166
         000166
         000164
         000161
         000163
         000162
         000155
         000157
         000155
         000155
         000153
         000149
         000148
         000144
         000147
         000143
         000141
         000139
         000136
         000137
         000135
         000131
         000127
         000126
         000126
         000128
         000119
         000121
         000117
         000116
         000118
         000116
         000115
         000110
         000113
         000110
         000109
         000105
         000103
         000102
         000098
         000098
         000096
         000095
         000092
         000090
         000092
         000087
         000090
         000088
         000082
         000081
         000084
         000079
         000079
         000075
         000076
         000072
         000070
         000068
         000069
         000069
         000065
         000063
         000062
         000062
         000065
         000063
         000061
         000058
         000060
         000058
         000057
         000054
         000055
         000055
         000055
         000053
         000054
         000048
         000049
         000051
         000048
         000050
         000048
         000045
         000045
         000044
         000047
         000044
         000043
         000043
         000042
         000042
         000040
         000040
         000041
         000039
         000038
         000039
         000038
         000038
         000038
         000037
         000036
         000035
         000035
         000034
         000034
         000034
         000034
         000033
         000033
         000032
         000032
         000032
         000032
         000032
         000032
         000031
         000030
         000030
         000031
         000030
         000030
         000030
         000029
         000030
         000029
         000029
         000029
         000028
         000029
         000028
         000027
         000028
         000023
         000026
         000022
         000023
         000024
         000023
         000023
         000022
         000023
         000022
         000023
         000023
         000023
         000020
         000021
         000020
         000019
         000018
         000018
         000019
         000017
         000017
         000017
         000018
         000017
         000016
         000016
         000015
         000015
         000017
         000016
         000015
         000016
         000016
         000015
         000016
         000015
         000014
         000015
         000014
         000014
         000014
         000012
         000012
         000012
         000014
         000013
         000011
         000012
         000011
         000011
         000010
         000010
         000010
         000010
         000010
         000009
         000007
         000009
         000009
         000009
         000009
         000007
         000007
         000007
         000007
         000007
         000006
         000006
         000006
         000006
         000007
         000006
         000005
         000004
         000005
         000005
         000003
         000004
         000004
         000004
         000005
         000005
         000004
         000003
         000004
         000004
         000004
         000004
         000004
         000004
         000005
         000003
         000003
         000003
         000004
         000003
         000004
         000003
         000003
         000003
         000003
         000002
         000003
         000003
         000003
         000002
         000003
         000002
         000003
         000002
         000002
         000002
         000002
         000002
         000002
         000002
         000002
         000002
         000002
         000002
         000002
         000002
         000002
         000002
         000002
         000002
         000002
         000002
         000002
         000002
         000001
