     0.02653914
     0.01452016
     0.02112383
     0.00739692
     0.01328282
     0.01897158
     0.00052468
     0.00832352
     0.01742047
     0.01326352
     0.01524435
     0.00554821
     0.02723471
     0.00014905
     0.00344739
     0.00612825
     0.01305897
     0.00332379
     0.03348074
     0.00025774
     0.01333668
     0.00373272
     0.00872644
     0.00563213
     0.00860890
     0.00041248
     0.03811614
     0.00434718
     0.02091814
     0.01049638
     0.00025487
     0.00572572
     0.01407883
     0.02729545
     0.01115075
     0.03114874
     0.01693037
     0.00256822
     0.00154031
     0.00260229
     0.01608013
     0.01950232
     0.01040882
     0.00497984
     0.00871137
     0.01313233
     0.00525204
     0.00724973
     0.01256429
     0.00289102
     0.01887546
     0.00191595
     0.00987149
     0.00355705
     0.02761916
     0.00307650
     0.01229176
     0.00396356
     0.03252819
     0.00717993
     0.00019358
     0.00479066
     0.00701674
     0.02899310
     0.00450628
     0.01107514
     0.00532204
     0.01732039
     0.00270378
     0.00971803
     0.00452049
     0.00257398
     0.01110802
     0.00057358
     0.00366563
     0.00160584
     0.00117110
     0.00036620
     0.00337799
     0.00514637
     0.00388220
     0.00505005
     0.00358000
     0.00165906
     0.00727442
     0.00211900
     0.00384111
     0.00388158
     0.00820345
     0.00733054
     0.00493192
     0.00177079
     0.01235407
     0.00477860
     0.01091586
     0.01859662
     0.01894050
     0.00888493
     0.02304500
     0.00664123
     0.02677595
     0.00904952
     0.00513761
     0.03121306
     0.00846315
     0.02200051
     0.00169063
     0.01453704
     0.01348591
     0.01056000
     0.02720894
     0.00177993
     0.00252429
     0.00961757
     0.01353579
     0.02642328
     0.00607656
     0.01682934
     0.02192772
     0.02820445
     0.01473070
     0.00418860
     0.00300963
     0.00878645
     0.02656856
     0.00153260
     0.00357444
     0.01813090
     0.01011543
     0.01095020
     0.00056023
     0.01011636
     0.00347586
     0.01054212
     0.00681526
     0.00680650
     0.00306808
     0.00707944
     0.00600389
     0.01328338
     0.00458760
     0.00153972
     0.00307595
     0.00232321
     0.00242484
     0.00397089
     0.00530212
     0.00610914
     0.02212899
     0.00077145
     0.01805714
     0.00595052
     0.01068496
     0.00986224
     0.00696579
     0.00031093
     0.00431167
     0.00678263
     0.01035638
     0.04132542
     0.00533623
     0.03606079
     0.00063962
     0.00555455
     0.00077344
     0.00838744
     0.00388207
     0.04910518
     0.00066254
     0.00379395
     0.02219360
     0.00611107
     0.00256299
     0.02593415
     0.00026705
     0.00258479
     0.01292990
     0.00451166
     0.01545952
     0.00194688
     0.00124533
     0.00745510
     0.00221312
     0.00251810
     0.02460936
     0.00119602
     0.00072418
     0.00064426
     0.00167050
     0.00339165
     0.01865053
     0.00567469
     0.00181063
     0.00448668
     0.01551560
     0.00680596
     0.00441402
     0.00378466
     0.00185737
     0.00473648
     0.00284781
     0.00925224
     0.01064809
     0.00583499
     0.00639097
     0.01204811
     0.02463757
     0.00105873
     0.01118370
     0.00507208
     0.00469074
     0.01222008
     0.00395126
     0.00150811
     0.00994469
     0.00640314
     0.01153356
     0.00160067
     0.00751492
     0.00096785
     0.00810836
     0.01237702
     0.00364775
     0.00836154
     0.01069819
     0.00910669
     0.00788024
     0.00553805
     0.00140747
     0.00253638
     0.01140598
     0.00075490
     0.01944568
     0.01145091
     0.00630734
     0.01144189
     0.00827632
     0.00451617
     0.01437359
     0.01407177
     0.00170958
     0.02312738
     0.01342322
     0.00729332
     0.00271428
     0.00149075
     0.00447761
     0.01457628
     0.00137287
     0.00182242
     0.00294670
     0.00516402
     0.01731582
     0.01500606
     0.00065539
     0.00624527
     0.00809164
     0.01927513
     0.01613815
     0.00267514
     0.00903512
     0.00621839
     0.02035880
     0.00251139
     0.01028295
     0.01091201
     0.00310895
     0.01758673
     0.00155640
     0.01182822
     0.01296645
     0.00305877
     0.01956224
     0.01298584
     0.00472576
     0.00097911
     0.00882300
     0.00046162
     0.01054947
     0.00301578
     0.03121032
     0.00462158
     0.00253302
     0.00993197
     0.00319276
     0.00291195
     0.00695010
     0.00077935
     0.02514022
     0.00782477
     0.00856904
     0.00425249
     0.01991172
     0.00791524
     0.00172066
     0.00247403
     0.00538519
     0.01185022
     0.00283231
     0.00231071
     0.00140945
     0.00537825
     0.00660856
     0.01185935
     0.00734427
     0.00303537
     0.00424007
     0.00376492
     0.01192638
     0.00217324
     0.01815180
     0.00532114
     0.00701348
     0.00508911
     0.00279948
     0.00741496
     0.00018006
     0.01114508
     0.00514530
     0.01061081
     0.00262964
     0.01425122
     0.00420101
     0.00348897
     0.00022840
     0.00694920
     0.00181069
     0.00127942
     0.01021314
     0.00323946
     0.00118324
     0.00338121
     0.00474500
     0.00274602
     0.00439269
     0.03470602
     0.00366083
     0.00822814
     0.04760983
     0.00740057
     0.00207288
     0.02206403
     0.01102148
     0.00999517
     0.00172612
     0.05217067
     0.01357984
     0.01529106
     0.00796014
     0.02501942
     0.01049642
     0.00430714
     0.02044751
     0.00495391
     0.00270174
     0.00605687
     0.00564339
     0.00841068
     0.00256596
     0.00775106
     0.00942964
     0.00412095
     0.00333002
     0.00558739
     0.00843826
     0.01333916
     0.00363528
     0.00862337
     0.00365692
     0.00313505
     0.00107519
     0.00144019
     0.00921359
     0.00652515
     0.00436808
     0.01117115
     0.00019543
     0.00302636
     0.00497620
     0.00179234
     0.00614413
     0.00561980
     0.00475171
     0.01057824
     0.00895236
     0.00461512
     0.00739688
     0.00613436
     0.00814363
     0.00835949
     0.01737246
     0.00368011
     0.00610537
     0.01399405
     0.01012360
     0.00071548
     0.00797444
     0.01591073
     0.01170991
     0.00691458
     0.01253046
     0.00715465
     0.00978548
     0.00234104
     0.02115473
     0.00929864
     0.00010117
     0.00534451
     0.01209996
     0.00312284
     0.01163762
     0.01939899
     0.00853483
     0.01692436
     0.01125517
     0.00634394
     0.00450694
     0.00620383
     0.00917555
     0.02659437
     0.00189388
     0.00385701
     0.00871134
     0.00775437
     0.00340432
     0.02184683
     0.01529466
     0.01023006
     0.00810063
     0.00232189
     0.02921934
     0.01506437
     0.00450477
     0.01012613
     0.01127827
     0.01067735
     0.03020691
     0.00465243
     0.00871509
     0.01391672
     0.01995288
     0.00734499
     0.01074480
     0.00478961
     0.01017942
     0.00050507
     0.01057900
     0.00353260
     0.00331036
     0.01220707
     0.00568168
     0.01334147
     0.00429689
     0.00645000
     0.02209003
     0.00343989
     0.00885328
     0.00998752
     0.00121672
     0.00861616
     0.02102075
     0.00812407
     0.00190784
     0.01628526
     0.01106812
     0.00551648
     0.00357798
     0.00634052
     0.01020710
     0.00292852
     0.00933663
     0.00823551
     0.00778825
     0.00365237
     0.00244071
     0.00876032
     0.02811750
     0.00286383
     0.00777065
     0.04521472
     0.00685186
     0.00273720
     0.02026895
     0.00371681
     0.00120880
     0.04918190
     0.00233647
     0.00071800
     0.01852606
     0.00200947
     0.00402102
     0.02047504
     0.00230419
     0.00370986
     0.00032867
     0.00719393
     0.01206682
     0.01012785
     0.00259549
     0.01066916
     0.00226910
     0.00559734
     0.00892499
     0.00779497
     0.01242177
     0.00396599
     0.00224352
     0.01696372
     0.01589855
     0.00417376
     0.00974999
     0.01726425
     0.00613527
     0.00470653
     0.01801930
     0.00520388
     0.01286265
     0.00329327
     0.00456095
     0.00785922
     0.00193509
     0.00395891
     0.00495110
     0.00565467
     0.00988015
     0.00095796
     0.00215251
     0.01060735
     0.00026072
     0.00970711
     0.00564287
     0.01175196
     0.01209262
     0.01580888
     0.00949362
     0.01229726
     0.00327327
     0.00269229
     0.01984884
     0.02024758
     0.00426434
     0.01280681
     0.00985499
     0.01240715
     0.02572862
     0.01333665
     0.00846706
     0.01622483
     0.01681336
     0.00775147
     0.02719592
     0.01496983
     0.01463158
     0.00411337
     0.01026972
     0.00817287
     0.00627037
     0.02328773
     0.00561498
     0.00501186
     0.00214101
     0.00024562
     0.00274215
     0.02708871
     0.00384144
     0.00370233
     0.01431913
     0.00860551
     0.01272457
     0.01848303
     0.00594773
     0.00904019
     0.02228760
     0.00516345
     0.01453830
     0.02047534
     0.00877029
     0.00168691
     0.01707393
     0.01054308
     0.00437348
     0.02425648
     0.00800740
     0.00853380
     0.01376424
     0.00345343
     0.01033768
     0.00058182
     0.00589503
     0.00039597
     0.00649221
     0.00541500
     0.00107447
     0.00225670
     0.00404124
     0.00385659
     0.01941464
     0.00115274
     0.00301389
     0.03792235
     0.00098850
     0.00472399
     0.02533999
     0.00555190
     0.00895985
     0.04177111
     0.00528672
     0.00508518
     0.00954674
     0.00151972
     0.01190055
     0.02407694
     0.00560065
     0.00844617
     0.00996104
     0.01766316
     0.01201508
     0.01771925
     0.01617377
     0.01392533
     0.00724535
     0.00520342
     0.02300024
     0.00512039
     0.00864468
     0.00216157
     0.00090289
     0.01194455
     0.00260715
     0.00139097
     0.00986251
     0.00843978
     0.00303756
     0.00300685
     0.00592448
     0.00446171
     0.00289595
     0.00929098
     0.00451271
     0.01158480
     0.01387142
     0.00211272
     0.01154905
     0.01218998
     0.00970786
     0.00961330
     0.01734015
     0.01737605
     0.00803416
     0.01241649
     0.01401254
     0.01150832
     0.02043000
     0.01910113
     0.01354050
     0.01075203
     0.00399261
     0.00634610
     0.02846795
     0.01117362
     0.00764077
     0.00053375
     0.00741315
     0.00954105
     0.01033965
     0.00326121
     0.00808849
     0.01724439
     0.00340259
     0.00504929
     0.03311873
     0.00432474
     0.00264886
     0.02940802
     0.00743581
     0.00957537
     0.02963436
     0.00321315
     0.01052014
     0.01885498
     0.00432175
     0.00076912
     0.00757467
     0.01652914
     0.00054066
     0.01229449
     0.00562315
     0.01108459
     0.01377173
     0.00456651
     0.01095722
     0.00502204
     0.00457092
     0.00305767
     0.00274597
     0.01027329
     0.00127324
     0.00082627
     0.00299822
     0.00553573
     0.00529072
     0.00547019
     0.00443580
     0.01175440
     0.00374799
     0.00249503
     0.03126958
     0.00304748
     0.00292801
     0.02810112
     0.00417509
     0.00574831
     0.03241104
     0.00044866
     0.00750473
     0.00314320
     0.00157159
     0.01017377
     0.02671915
     0.02071493
     0.01158406
     0.02136367
     0.01179026
     0.01677798
     0.02081351
     0.01521203
     0.01559378
     0.00912135
     0.00313270
     0.00909008
     0.00141113
     0.01464502
     0.00919021
     0.00200002
     0.00656568
     0.00885809
     0.00134395
     0.01553273
     0.00530997
     0.00015870
     0.00775448
     0.00731301
     0.00128036
     0.01890695
     0.01212601
     0.00161406
     0.00931832
     0.01467373
     0.00220250
     0.01584378
     0.01049967
     0.00987866
     0.01103632
     0.01063921
     0.02591799
     0.01667009
     0.01593591
     0.02833169
     0.00872693
     0.01168842
     0.02536971
     0.02236257
     0.00755456
     0.01714040
     0.00119071
     0.00770925
     0.02067736
     0.00213551
     0.00687535
     0.02760008
     0.00157394
     0.00281786
     0.02496354
     0.00971184
     0.00326198
     0.00781402
     0.00494224
     0.01130014
     0.00496871
     0.00043935
     0.01165599
     0.00200187
     0.00302469
     0.00146600
     0.00299419
     0.01665019
     0.00157871
     0.00391719
     0.00411268
     0.00307781
     0.01149030
     0.00653949
     0.00984226
     0.00268888
     0.00272312
     0.00169177
     0.00614625
     0.00927919
     0.00381736
     0.00827025
     0.00211301
     0.00541387
     0.02856988
     0.00681694
     0.00292660
     0.03552292
     0.00344192
     0.00470462
     0.03004122
     0.00834901
     0.00704632
     0.00228473
     0.00261032
     0.00335004
     0.02353822
     0.01111610
     0.00275870
     0.02741140
     0.00386817
     0.01516338
     0.01989289
     0.01521457
     0.02152997
     0.00974320
     0.00686881
     0.01082786
     0.00695020
     0.03066601
     0.00122979
     0.01214491
     0.00117552
     0.01364914
     0.00648832
     0.01225837
     0.00586342
     0.00911444
     0.00582812
     0.00648495
     0.02181386
     0.01296395
     0.01199461
     0.03190522
     0.00644760
     0.01574830
     0.02149763
     0.00886464
     0.01104811
     0.00917608
     0.00820985
     0.01362689
     0.00753416
     0.01167225
     0.01803855
     0.01393372
     0.00701822
     0.02019867
     0.00119029
     0.01309194
     0.01215489
     0.00144973
     0.00288295
     0.00104672
     0.01054272
     0.00976175
     0.01486070
     0.00526695
     0.00086675
     0.00844601
     0.00307188
     0.01196820
     0.00476032
     0.00183002
     0.00245213
     0.01319300
     0.00444688
     0.00284736
     0.01318287
     0.00823338
     0.00193473
     0.00487595
     0.00810041
     0.01812139
     0.00546350
     0.00665700
     0.00176996
     0.03098236
     0.01183092
     0.00825034
     0.05170473
     0.00770975
     0.00320379
     0.03047067
     0.00096335
     0.00565921
     0.00317229
     0.00798216
     0.00047113
     0.00401280
     0.00184691
     0.00470953
     0.00094918
     0.00103290
     0.00580405
     0.00622714
     0.00176803
     0.01372943
     0.01468536
     0.00344193
     0.00485455
     0.00524437
     0.01498098
     0.03041276
     0.01306319
     0.02936313
     0.00534516
     0.02220285
     0.01446488
     0.01495750
     0.01285348
     0.00424372
     0.00348242
     0.00123623
     0.00277702
     0.00347399
     0.00091829
     0.00408466
     0.00148160
     0.00581066
     0.00349007
     0.00746891
     0.01099129
     0.00266001
     0.00226205
     0.01055843
     0.01300750
     0.02074374
     0.00510208
     0.01006276
     0.00448642
     0.00990809
     0.01259352
     0.00907024
     0.01482083
     0.01831274
     0.00416645
     0.02101102
     0.02079357
     0.04640565
     0.00731433
     0.01809100
     0.02048042
     0.00186037
     0.00278023
     0.00897423
     0.01255407
     0.00632415
     0.00484405
     0.00215562
     0.02082707
     0.00602556
     0.01257733
     0.00898070
     0.00319335
     0.00095076
     0.01126195
     0.00370102
     0.00320043
     0.01464480
     0.00954906
     0.00119079
     0.02656009
     0.00580180
     0.00976561
     0.01860711
     0.00829091
     0.01427330
     0.00174924
     0.01107610
     0.00828986
     0.01331979
     0.00094011
     0.01983333
     0.00229461
     0.00784831
     0.00133384
     0.02116608
     0.00909035
     0.00494475
     0.01190380
     0.02740251
     0.00363363
     0.00116151
     0.00765108
     0.01748556
     0.00200212
     0.01443629
     0.00248736
     0.01458561
     0.00958612
     0.01609347
     0.00391040
     0.03508519
     0.00886028
     0.00180379
     0.00995601
     0.01517840
     0.00694119
     0.00380286
     0.01456755
     0.00418047
     0.00839441
     0.01387346
     0.02242958
     0.00505557
     0.00696765
     0.00148145
     0.00836981
     0.00234348
     0.02452289
     0.00388464
     0.00363700
     0.01558433
     0.00908756
     0.00805468
     0.00118453
     0.00973939
     0.00374168
     0.00777541
     0.00185568
     0.01046558
     0.00954960
     0.00057420
     0.00278949
     0.01944938
     0.00102718
     0.02496798
     0.00266317
     0.02076656
     0.00205569
     0.01126580
     0.01927388
     0.00733528
     0.00477757
     0.00717387
     0.01801982
     0.01139164
     0.00317612
     0.01466396
     0.01051248
     0.00381486
     0.00399628
     0.00114752
     0.00203888
     0.00064411
     0.00076185
     0.00162007
     0.00773205
     0.00981761
     0.00368481
     0.01000141
     0.01204898
     0.00494742
     0.00209311
     0.01077983
     0.00299045
     0.01225679
     0.00312815
     0.00635071
     0.01407478
     0.01204162
     0.00629421
     0.01460892
     0.00416784
     0.00966115
     0.00193812
     0.00563057
     0.00836739
     0.00598259
     0.00349264
     0.00724508
     0.00472517
     0.00237739
     0.00241350
     0.00826243
     0.01569625
     0.02786088
     0.01061392
     0.02766681
     0.01641424
     0.00673733
     0.00150256
     0.00395963
     0.00149468
     0.00417620
     0.00139296
     0.00563528
     0.00031541
     0.00644158
     0.00156509
     0.00610293
     0.00113019
     0.00754451
     0.00244084
     0.00326544
     0.00842533
     0.00956961
     0.00545593
     0.00966679
     0.00820742
     0.00030751
     0.00196987
     0.00694384
     0.00768308
     0.01340409
     0.00587627
     0.00872061
     0.01007073
     0.01136472
     0.00822416
     0.00110481
     0.00500728
     0.00336441
     0.00511069
     0.00547939
     0.00411654
     0.00601301
     0.00592410
     0.00498327
     0.00371440
     0.00215159
     0.00570407
     0.00360450
     0.00407364
     0.00886444
     0.00131671
     0.00437752
     0.00216368
     0.00312440
     0.00334121
     0.00310016
     0.00598710
     0.00312366
     0.00976001
     0.00237311
     0.00660457
     0.00403088
     0.00348115
     0.00184127
     0.00395995
     0.00333842
     0.00417461
     0.00430181
     0.00609660
     0.00388123
     0.00429736
     0.00571169
     0.00891607
     0.00278038
     0.00658069
     0.00662614
     0.00633936
     0.00558241
     0.00938938
     0.00553622
     0.00903233
     0.01219434
     0.01242173
     0.00210689
     0.01015088
     0.00375973
     0.00682336
     0.00639292
     0.00245786
     0.00297191
     0.01532006
     0.00448767
     0.00158137
     0.00474413
     0.00140715
     0.00360691
     0.00809985
     0.00410746
     0.00278465
     0.00991875
     0.01026922
     0.01149158
     0.00404082
     0.00266766
     0.00638465
     0.00254042
     0.00484423
     0.00168447
     0.00369877
     0.00072535
     0.01417228
     0.00205979
     0.00157718
     0.00372421
     0.00471280
     0.00083858
     0.00115066
     0.00368355
     0.00324735
     0.00211619
     0.00214760
     0.00555005
     0.00191046
     0.00453628
     0.00313201
     0.00588798
     0.00498254
     0.00596400
     0.00788302
     0.00253064
     0.01243331
     0.00364914
     0.00585880
     0.00638003
     0.00949185
     0.00890928
     0.00271551
     0.00759220
     0.00735175
     0.00553725
     0.00636655
     0.00598427
     0.00443679
     0.00203102
     0.00947865
     0.00423305
     0.00733287
     0.00632448
     0.00352133
     0.00533718
     0.00631079
     0.00121502
     0.00564826
     0.00618130
     0.00926840
     0.00818875
     0.00814811
     0.00962956
     0.00807709
     0.00896268
     0.00412818
     0.00506191
     0.00598259
     0.00715150
     0.00580986
     0.00378206
     0.00919258
     0.00675784
     0.01273715
     0.00634170
     0.00356640
     0.00480055
     0.00434911
     0.00359396
     0.00710022
     0.00156153
     0.00317804
     0.00487430
     0.00181841
     0.00722388
     0.00747343
     0.00145190
     0.00457136
     0.00745529
     0.00304863
     0.00467016
     0.00312977
     0.00475648
     0.00180574
     0.00211089
     0.00124722
     0.00529659
     0.02793186
     0.00091461
     0.00426184
     0.00059514
     0.00106680
     0.00412200
     0.00907397
     0.00154374
     0.00132289
     0.00182704
     0.00089860
     0.00056993
     0.00025737
     0.00055899
     0.01835526
     0.00034729
     0.00045583
     0.00008274
     0.00366460
     0.00008201
