     0.02758675
     0.01452006
     0.02090694
     0.00739775
     0.01531845
     0.01897165
     0.00056611
     0.00832352
     0.01779301
     0.01326356
     0.01529658
     0.00554841
     0.02937470
     0.00014750
     0.00341978
     0.00612827
     0.01380428
     0.00332334
     0.03349314
     0.00025772
     0.01188522
     0.00373240
     0.00863746
     0.00563211
     0.00960871
     0.00041234
     0.03815477
     0.00434718
     0.02183712
     0.01049651
     0.00023472
     0.00572574
     0.01102751
     0.02729521
     0.01116164
     0.03114882
     0.01745775
     0.00256816
     0.00156273
     0.00260230
     0.01630909
     0.01950229
     0.01038867
     0.00497989
     0.01029837
     0.01313218
     0.00524706
     0.00724979
     0.01257824
     0.00289104
     0.01887989
     0.00191588
     0.01262278
     0.00355702
     0.02761978
     0.00307655
     0.01387835
     0.00396353
     0.03253469
     0.00717992
     0.00018389
     0.00479067
     0.00703682
     0.02899301
     0.00661764
     0.01107525
     0.00527525
     0.01732025
     0.00147327
     0.00971811
     0.00449870
     0.00257397
     0.01065859
     0.00057359
     0.00365818
     0.00160586
     0.00091174
     0.00036620
     0.00337495
     0.00514637
     0.00668042
     0.00505000
     0.00357457
     0.00165905
     0.00745121
     0.00211906
     0.00384538
     0.00388157
     0.01026221
     0.00733053
     0.00498460
     0.00177073
     0.01068862
     0.00477861
     0.01090996
     0.01859661
     0.01907686
     0.00888493
     0.02307859
     0.00664121
     0.02556250
     0.00904954
     0.00511937
     0.03121309
     0.00856617
     0.02200050
     0.00168611
     0.01453702
     0.01260163
     0.01056006
     0.02720286
     0.00178003
     0.00069385
     0.00961760
     0.01353493
     0.02642332
     0.00604692
     0.01682939
     0.02193857
     0.02820440
     0.01618900
     0.00418855
     0.00300459
     0.00878648
     0.02789194
     0.00153257
     0.00354325
     0.01813091
     0.01179668
     0.01095018
     0.00056672
     0.01011634
     0.00309379
     0.01054213
     0.00681206
     0.00680650
     0.00309696
     0.00707938
     0.00601769
     0.01328343
     0.00249654
     0.00153960
     0.00305478
     0.00232319
     0.00116418
     0.00397053
     0.00529981
     0.00610912
     0.02110102
     0.00077154
     0.01805318
     0.00595055
     0.00929395
     0.00986229
     0.00696861
     0.00031094
     0.00490529
     0.00678267
     0.01035710
     0.04132539
     0.00616274
     0.03606080
     0.00063429
     0.00555449
     0.00292581
     0.00838744
     0.00390264
     0.04910520
     0.00108109
     0.00379395
     0.02219296
     0.00611106
     0.00241768
     0.02593414
     0.00026913
     0.00258475
     0.01059110
     0.00451168
     0.01549048
     0.00194690
     0.00122736
     0.00745517
     0.00218083
     0.00251810
     0.02427625
     0.00119607
     0.00072620
     0.00064426
     0.00089572
     0.00339163
     0.01865505
     0.00567467
     0.00228323
     0.00448665
     0.01551410
     0.00680598
     0.00382148
     0.00378464
     0.00185930
     0.00473648
     0.00380161
     0.00925230
     0.01063789
     0.00583499
     0.00595299
     0.01204808
     0.02465947
     0.00105862
     0.01533195
     0.00507196
     0.00467719
     0.01222011
     0.00390078
     0.00150813
     0.00994307
     0.00640314
     0.01232801
     0.00160064
     0.00750320
     0.00096782
     0.00810829
     0.01217125
     0.00364782
     0.00836985
     0.01080441
     0.00910673
     0.00936334
     0.00553795
     0.00140742
     0.00252494
     0.01140592
     0.00075560
     0.01790776
     0.01145088
     0.00631123
     0.01144187
     0.00827635
     0.00345673
     0.01486791
     0.01407169
     0.00167471
     0.02312734
     0.01342327
     0.00807322
     0.00271434
     0.00150450
     0.00448148
     0.01457630
     0.00144864
     0.00182243
     0.00294668
     0.00517149
     0.01731585
     0.01485831
     0.00086229
     0.00624530
     0.00810027
     0.01927510
     0.01613809
     0.00326776
     0.00902857
     0.00621834
     0.02034588
     0.00251138
     0.01028292
     0.01227938
     0.00310892
     0.01736156
     0.00156512
     0.01182821
     0.01122384
     0.00305870
     0.01956219
     0.01299004
     0.00472537
     0.00097906
     0.01205492
     0.00046171
     0.01054947
     0.00301432
     0.03121033
     0.00525988
     0.00253282
     0.00993191
     0.00320300
     0.00291185
     0.00695014
     0.00105115
     0.02514450
     0.00782486
     0.00856490
     0.00425248
     0.01991174
     0.00727550
     0.00172070
     0.00309942
     0.00539013
     0.01185027
     0.00283258
     0.00395321
     0.00140943
     0.00537879
     0.00661268
     0.01185928
     0.00734132
     0.00303535
     0.00424003
     0.00377643
     0.01192656
     0.00223913
     0.01501969
     0.00532119
     0.00701351
     0.00512769
     0.00279946
     0.00741850
     0.00123705
     0.01114505
     0.00516930
     0.01061078
     0.00262965
     0.01491580
     0.00396347
     0.00348868
     0.00024623
     0.00694922
     0.00181065
     0.00298008
     0.01021304
     0.00323412
     0.00118079
     0.00338126
     0.00474501
     0.00126836
     0.00439289
     0.03446794
     0.00363334
     0.00822809
     0.04637084
     0.00740041
     0.00207260
     0.02203199
     0.01102439
     0.00999515
     0.00107607
     0.05217074
     0.01357996
     0.01527699
     0.00795990
     0.02568321
     0.00811895
     0.00430715
     0.02044752
     0.00494779
     0.00270174
     0.00605568
     0.00702250
     0.00841074
     0.00256595
     0.00774790
     0.00942969
     0.00298161
     0.00340388
     0.00558736
     0.00845133
     0.01333917
     0.00363523
     0.00945332
     0.00365629
     0.00313498
     0.00107546
     0.00144015
     0.00921353
     0.00642031
     0.00436784
     0.01126664
     0.00018544
     0.00302638
     0.00497623
     0.00111911
     0.00614424
     0.00562160
     0.00476300
     0.01057818
     0.00895509
     0.00884921
     0.00739675
     0.00611853
     0.00815241
     0.00835953
     0.01881662
     0.00367949
     0.00610540
     0.01399925
     0.01012257
     0.00071551
     0.00798481
     0.01591077
     0.01170995
     0.00690628
     0.01182973
     0.00715461
     0.00896256
     0.00234113
     0.02115475
     0.00931927
     0.00010127
     0.00533440
     0.01267172
     0.00312283
     0.01163760
     0.01940479
     0.00853477
     0.01665354
     0.00899445
     0.00634379
     0.00450696
     0.00620322
     0.00917555
     0.02658949
     0.00091178
     0.00385703
     0.00871138
     0.00776649
     0.00340431
     0.02291173
     0.01588619
     0.01023004
     0.00807422
     0.00232191
     0.02921936
     0.01642726
     0.00450286
     0.01012615
     0.01126857
     0.01067734
     0.03020689
     0.00569948
     0.00914973
     0.01391693
     0.01994015
     0.00734514
     0.01074480
     0.00448936
     0.01018305
     0.00050515
     0.01056940
     0.00353253
     0.00331034
     0.01373277
     0.00568148
     0.01340304
     0.00428779
     0.00645015
     0.02208987
     0.00592093
     0.00885346
     0.00998817
     0.00119879
     0.00861620
     0.02102078
     0.00801587
     0.00190783
     0.01669037
     0.01106711
     0.00551647
     0.00357795
     0.00487088
     0.01020756
     0.00292683
     0.00928051
     0.00823535
     0.00778906
     0.00332708
     0.00244104
     0.00754031
     0.02809153
     0.00286387
     0.00777092
     0.04432406
     0.00685191
     0.00273099
     0.02026674
     0.00371687
     0.00081614
     0.04918190
     0.00233669
     0.00071569
     0.01906157
     0.00200951
     0.00399312
     0.02047480
     0.00230427
     0.00373242
     0.00033437
     0.00719393
     0.01051560
     0.01012797
     0.00259553
     0.01061973
     0.00227715
     0.00559732
     0.00810250
     0.00779503
     0.01242178
     0.00395166
     0.00224466
     0.01696369
     0.01345521
     0.00417397
     0.00975002
     0.01727339
     0.00605915
     0.00470656
     0.01956916
     0.00520395
     0.01286265
     0.00328949
     0.00455527
     0.00785923
     0.00293056
     0.00395889
     0.00495103
     0.00568601
     0.00844088
     0.00095812
     0.00188914
     0.01060742
     0.00026067
     0.00971645
     0.00562472
     0.01175198
     0.01279160
     0.01580884
     0.00949357
     0.01227829
     0.00182097
     0.00269245
     0.01818416
     0.02024785
     0.00426442
     0.01283485
     0.00985503
     0.01240674
     0.02595994
     0.01333656
     0.00846699
     0.01623002
     0.01681338
     0.00772308
     0.02541844
     0.01496987
     0.01463160
     0.00409346
     0.01026964
     0.00817623
     0.00628227
     0.02328767
     0.00561502
     0.00502735
     0.00214093
     0.00030226
     0.00168324
     0.02708873
     0.00384139
     0.00372936
     0.01431911
     0.00860461
     0.01141461
     0.01848291
     0.00594772
     0.00900582
     0.02228755
     0.00356811
     0.01277244
     0.02047520
     0.00877044
     0.00161799
     0.01707402
     0.01054072
     0.00437740
     0.02425650
     0.00800737
     0.00852777
     0.01376432
     0.00174086
     0.00913522
     0.00058181
     0.00589505
     0.00040039
     0.00649228
     0.00542074
     0.00065177
     0.00225675
     0.00404128
     0.00387247
     0.01941466
     0.00114350
     0.00460190
     0.03792225
     0.00098838
     0.00467345
     0.02534007
     0.00554898
     0.00758283
     0.04177108
     0.00528669
     0.00507776
     0.00954680
     0.00163234
     0.01124359
     0.02407713
     0.00560069
     0.00843412
     0.00996106
     0.01766682
     0.01064304
     0.01771917
     0.01617387
     0.01394730
     0.00724552
     0.00310580
     0.02330048
     0.00512043
     0.00864471
     0.00213959
     0.00090285
     0.01196617
     0.00255152
     0.00139086
     0.00986245
     0.00843847
     0.00303753
     0.00327838
     0.00393373
     0.00446184
     0.00289614
     0.00929578
     0.00451267
     0.01159930
     0.01521296
     0.00211273
     0.01154914
     0.01222539
     0.00970877
     0.00887787
     0.01701167
     0.01737608
     0.00803419
     0.01241492
     0.01401244
     0.01151162
     0.02198794
     0.01910110
     0.01354122
     0.01078090
     0.00399254
     0.00665409
     0.02835848
     0.01117363
     0.00764079
     0.00054019
     0.00741318
     0.00953885
     0.00967978
     0.00326108
     0.00808838
     0.01724846
     0.00340270
     0.00494135
     0.03314631
     0.00432473
     0.00264893
     0.02932006
     0.00743573
     0.00957945
     0.03508439
     0.00321337
     0.01052017
     0.01880819
     0.00432138
     0.00208749
     0.00844153
     0.01652907
     0.00054059
     0.01230077
     0.00562320
     0.01109720
     0.01318387
     0.00456649
     0.01095728
     0.00501515
     0.00457085
     0.00187842
     0.00247173
     0.01027318
     0.00127322
     0.00084129
     0.00299827
     0.00553769
     0.00422281
     0.00547023
     0.00443575
     0.01178706
     0.00403014
     0.00249497
     0.03089752
     0.00304738
     0.00292800
     0.02814222
     0.00417956
     0.00574818
     0.03467404
     0.00044830
     0.00750473
     0.00313768
     0.00348556
     0.01017777
     0.02639052
     0.02071497
     0.01158402
     0.02134865
     0.01179030
     0.01677709
     0.02447621
     0.01521221
     0.01559381
     0.00910327
     0.00313241
     0.00875447
     0.00134468
     0.01464505
     0.00919015
     0.00199669
     0.00656563
     0.00885884
     0.00110544
     0.01553280
     0.00530996
     0.00015576
     0.00775498
     0.00867917
     0.00080468
     0.01890695
     0.01212597
     0.00159128
     0.00931839
     0.01467941
     0.00540518
     0.01584394
     0.01049946
     0.00982761
     0.01103584
     0.01151813
     0.02589227
     0.01667001
     0.01593595
     0.02833888
     0.00872696
     0.01169240
     0.02050001
     0.02236255
     0.00755449
     0.01712338
     0.00119077
     0.00856519
     0.02174612
     0.00213556
     0.00687536
     0.02760271
     0.00157389
     0.00281215
     0.02399657
     0.00971186
     0.00326195
     0.00778350
     0.00494218
     0.01081108
     0.00496513
     0.00043921
     0.01165587
     0.00208718
     0.00302468
     0.00145382
     0.00316914
     0.01665023
     0.00157873
     0.00394253
     0.00411269
     0.00262515
     0.01143550
     0.00653956
     0.00984221
     0.00270549
     0.00272314
     0.00168937
     0.00545296
     0.00927914
     0.00381733
     0.00831630
     0.00211313
     0.00568556
     0.02871582
     0.00681689
     0.00292647
     0.03552408
     0.00344186
     0.00469161
     0.03021355
     0.00834919
     0.00704625
     0.00231142
     0.00261032
     0.00652050
     0.02351395
     0.01111624
     0.00275868
     0.02737767
     0.00386825
     0.01516535
     0.02257038
     0.01521461
     0.02152989
     0.00973697
     0.00686890
     0.01139531
     0.00727181
     0.03066607
     0.00122976
     0.01216773
     0.00117562
     0.01068102
     0.00647094
     0.01225846
     0.00584026
     0.00911437
     0.00582814
     0.00628819
     0.02176734
     0.01296415
     0.01198986
     0.03190512
     0.00644762
     0.01503050
     0.02149335
     0.00886462
     0.01100122
     0.00917599
     0.00820985
     0.01221586
     0.00752740
     0.01167273
     0.01806137
     0.01393379
     0.00701800
     0.01905989
     0.00119003
     0.01307248
     0.01216077
     0.00144940
     0.00288270
     0.00457665
     0.01054348
     0.00807268
     0.01487072
     0.00526687
     0.00086681
     0.00905642
     0.00307184
     0.01197876
     0.00473947
     0.00182976
     0.00245153
     0.01076224
     0.00444672
     0.00275000
     0.01306928
     0.00823318
     0.00192094
     0.00325274
     0.00810046
     0.01814486
     0.00547219
     0.00665703
     0.00219988
     0.03098241
     0.01183087
     0.00820820
     0.05325155
     0.00770961
     0.00044891
     0.03047104
     0.00096352
     0.00569457
     0.00317179
     0.00798210
     0.00174739
     0.00401303
     0.00184712
     0.00476848
     0.00094829
     0.00164870
     0.00100068
     0.00622711
     0.00176816
     0.01366746
     0.01468533
     0.00343291
     0.00136874
     0.00524455
     0.01498103
     0.03045655
     0.01306316
     0.02875420
     0.00571938
     0.02220288
     0.01444847
     0.01495739
     0.01285358
     0.00435871
     0.00348245
     0.00123606
     0.00276961
     0.00347398
     0.00091826
     0.00493195
     0.00148290
     0.00665564
     0.00350584
     0.00746902
     0.01099078
     0.00299060
     0.00226225
     0.01055781
     0.01304557
     0.02074377
     0.00391146
     0.01006257
     0.00448626
     0.00987695
     0.01249541
     0.00907013
     0.01425582
     0.01831280
     0.00416636
     0.02099428
     0.02079289
     0.04641218
     0.00367082
     0.01809084
     0.02048034
     0.00185840
     0.00278023
     0.00441805
     0.01902184
     0.00632386
     0.00482518
     0.00215555
     0.02082730
     0.00596355
     0.01260121
     0.00898048
     0.00317980
     0.00095077
     0.01126198
     0.00309153
     0.00320055
     0.01381976
     0.00953239
     0.00119081
     0.02624842
     0.00580334
     0.00976543
     0.01860609
     0.00829784
     0.01427320
     0.00360992
     0.01107591
     0.00828971
     0.01332890
     0.00093989
     0.02116395
     0.00307945
     0.00784806
     0.00121987
     0.02116597
     0.00909047
     0.00366027
     0.01190752
     0.02740277
     0.00377429
     0.00116159
     0.00765105
     0.01876242
     0.00200280
     0.01432159
     0.00268235
     0.01458482
     0.01015695
     0.01609373
     0.00391039
     0.03507452
     0.00886049
     0.00182185
     0.00882454
     0.01517915
     0.00686537
     0.00380281
     0.01456717
     0.00224759
     0.00839382
     0.01459774
     0.02240521
     0.00505540
     0.00736021
     0.00148155
     0.00837010
     0.00228773
     0.02452294
     0.00387922
     0.00194069
     0.01558462
     0.00910245
     0.00805472
     0.00118486
     0.01198377
     0.00374141
     0.00690021
     0.00201452
     0.01046530
     0.01122347
     0.00057406
     0.00278983
     0.01976044
     0.00102703
     0.02109797
     0.00259535
     0.02076549
     0.00184076
     0.01126551
     0.01888593
     0.00733546
     0.00477799
     0.00711345
     0.01801912
     0.01108419
     0.00453343
     0.01466470
     0.01051007
     0.00381775
     0.00178360
     0.00114690
     0.00160884
     0.00064459
     0.00167781
     0.00161769
     0.00761418
     0.00981972
     0.00362829
     0.00759683
     0.01204916
     0.00490287
     0.00209313
     0.01078432
     0.00208191
     0.01225705
     0.00301155
     0.00685000
     0.01407643
     0.01181974
     0.00629420
     0.01460909
     0.00410899
     0.00966089
     0.00408860
     0.00563881
     0.00836730
     0.00597590
     0.00349274
     0.00724560
     0.00462778
     0.00237727
     0.00262754
     0.00830987
     0.01569629
     0.02801352
     0.01061407
     0.02766683
     0.01641077
     0.00673635
     0.00148805
     0.00437441
     0.00149459
     0.00417586
     0.00132731
     0.00563557
     0.00033532
     0.00650895
     0.00156519
     0.00610135
     0.00126584
     0.00754453
     0.00356732
     0.00332860
     0.00842528
     0.00952744
     0.00545592
     0.00966694
     0.00715607
     0.00223675
     0.00196966
     0.00699308
     0.00768302
     0.01340403
     0.00599042
     0.00872258
     0.01007076
     0.01138030
     0.00822424
     0.00110474
     0.00385721
     0.00242317
     0.00511075
     0.00548293
     0.00411650
     0.00601302
     0.00427691
     0.00496327
     0.00371444
     0.00216237
     0.00570406
     0.00360472
     0.00481909
     0.00410918
     0.00131670
     0.00437768
     0.00217997
     0.00312466
     0.00337369
     0.00263636
     0.00598719
     0.00312374
     0.00980347
     0.00238136
     0.00679469
     0.00740321
     0.00348099
     0.00184133
     0.00386556
     0.00335686
     0.00417463
     0.00250203
     0.00609620
     0.00388141
     0.00432199
     0.00563262
     0.00891600
     0.00278028
     0.00643213
     0.00662616
     0.00634626
     0.00555817
     0.00938929
     0.00553585
     0.00575618
     0.01236270
     0.01242098
     0.00210710
     0.01014705
     0.00376194
     0.00680195
     0.00709001
     0.00245673
     0.00297183
     0.01543011
     0.00198306
     0.00158042
     0.00029397
     0.00140905
     0.00360743
     0.00808120
     0.00413281
     0.00278527
     0.00991872
     0.00307502
     0.01116474
     0.00404088
     0.00270877
     0.00638492
     0.00254061
     0.00482788
     0.00424610
     0.00369902
     0.00072539
     0.01422280
     0.00254187
     0.00157717
     0.00372480
     0.00805601
     0.00083841
     0.00115134
     0.00366528
     0.00324740
     0.00211608
     0.00328454
     0.00604550
     0.00191039
     0.00453624
     0.00313854
     0.00588767
     0.00498266
     0.00596459
     0.00688277
     0.00253198
     0.01221729
     0.00360339
     0.00585885
     0.00637992
     0.00949789
     0.00796042
     0.00271545
     0.00759219
     0.00732980
     0.00535081
     0.00636666
     0.00598425
     0.00372926
     0.00203694
     0.00947867
     0.00423213
     0.00733278
     0.00632262
     0.00417005
     0.00754962
     0.00631073
     0.00121505
     0.00564644
     0.00619412
     0.00926834
     0.00818863
     0.00990100
     0.00721349
     0.00807702
     0.00896240
     0.00406062
     0.00505197
     0.00598262
     0.00715144
     0.00534127
     0.00378231
     0.00841734
     0.00684578
     0.01273774
     0.00634352
     0.00356913
     0.00603302
     0.00434919
     0.00359439
     0.00602200
     0.00153812
     0.00317757
     0.00487452
     0.00177446
     0.00383461
     0.00747373
     0.00145170
     0.00448527
     0.00379717
     0.00304869
     0.00467029
     0.00196182
     0.00480950
     0.00180569
     0.00211082
     0.00127349
     0.00416490
     0.02793170
     0.00091453
     0.00277973
     0.00057690
     0.00106680
     0.00412197
     0.00906572
     0.00137927
     0.00132254
     0.00182699
     0.00126473
     0.00060067
     0.00025722
     0.00055897
     0.01826787
     0.00034041
     0.00045560
     0.00008187
     0.00326281
     0.00009435
