     0.39883906
     0.39883584
     0.39883015
     0.39882320
     0.39881402
     0.39880493
     0.39879525
     0.39878783
     0.39878067
     0.39877832
     0.39878049
     0.39878500
     0.39879322
     0.39880374
     0.39881504
     0.39882386
     0.39882892
     0.39883122
     0.39882874
     0.39882264
     0.39881337
     0.39880216
     0.39879268
     0.39878494
     0.39877939
     0.39877883
     0.39878076
     0.39878699
     0.39879537
     0.39880469
     0.39881364
     0.39882180
     0.39882937
     0.39883533
     0.39883959
     0.39884093
     0.39880216
     0.39879727
     0.39878780
     0.39877725
     0.39876530
     0.39875343
     0.39874068
     0.39872983
     0.39872253
     0.39871931
     0.39872310
     0.39873046
     0.39874163
     0.39875466
     0.39876893
     0.39877963
     0.39878756
     0.39879018
     0.39878780
     0.39877996
     0.39876869
     0.39875594
     0.39874101
     0.39873016
     0.39872202
     0.39871910
     0.39872181
     0.39872885
     0.39874077
     0.39875269
     0.39876518
     0.39877793
     0.39878729
     0.39879698
     0.39880294
     0.39880469
     0.39874265
     0.39873356
     0.39871898
     0.39870098
     0.39868155
     0.39866164
     0.39864373
     0.39862925
     0.39862069
     0.39861867
     0.39862499
     0.39863652
     0.39865324
     0.39867252
     0.39869049
     0.39870647
     0.39871645
     0.39872107
     0.39871630
     0.39870617
     0.39868987
     0.39867133
     0.39865229
     0.39863557
     0.39862326
     0.39861849
     0.39861929
     0.39862844
     0.39864245
     0.39866102
     0.39868069
     0.39870068
     0.39871940
     0.39873317
     0.39874226
     0.39874548
     0.39865983
     0.39864674
     0.39862400
     0.39859566
     0.39856359
     0.39853176
     0.39850196
     0.39847907
     0.39846626
     0.39846411
     0.39847487
     0.39849511
     0.39852053
     0.39855060
     0.39857936
     0.39860359
     0.39862040
     0.39862660
     0.39861935
     0.39860255
     0.39857787
     0.39854887
     0.39851883
     0.39849323
     0.39847267
     0.39846313
     0.39846480
     0.39847746
     0.39850113
     0.39852983
     0.39856207
     0.39859498
     0.39862397
     0.39864552
     0.39865920
     0.39866400
     0.39854777
     0.39852706
     0.39849246
     0.39844880
     0.39839932
     0.39834923
     0.39830264
     0.39826518
     0.39824358
     0.39824072
     0.39825931
     0.39829648
     0.39834291
     0.39839229
     0.39843795
     0.39847529
     0.39850086
     0.39851004
     0.39850023
     0.39847478
     0.39843640
     0.39839092
     0.39834145
     0.39829406
     0.39825732
     0.39823797
     0.39824086
     0.39826337
     0.39830089
     0.39834687
     0.39839798
     0.39844781
     0.39849222
     0.39852670
     0.39854759
     0.39855391
     0.39841342
     0.39838022
     0.39832422
     0.39825186
     0.39817083
     0.39809093
     0.39801779
     0.39796123
     0.39793152
     0.39793307
     0.39796731
     0.39802718
     0.39810219
     0.39817974
     0.39825016
     0.39830610
     0.39834416
     0.39835796
     0.39834380
     0.39830515
     0.39824823
     0.39817911
     0.39809960
     0.39802393
     0.39796379
     0.39792961
     0.39792746
     0.39795718
     0.39801419
     0.39808702
     0.39816865
     0.39824975
     0.39832351
     0.39837950
     0.39841294
     0.39842373
     0.39826897
     0.39821610
     0.39812613
     0.39800927
     0.39787728
     0.39774379
     0.39762124
     0.39753330
     0.39748952
     0.39749900
     0.39755467
     0.39764911
     0.39776620
     0.39788896
     0.39799777
     0.39808768
     0.39814970
     0.39817151
     0.39814878
     0.39808634
     0.39799657
     0.39788643
     0.39776167
     0.39764413
     0.39754918
     0.39749300
     0.39748397
     0.39752692
     0.39761791
     0.39773938
     0.39787379
     0.39800638
     0.39812395
     0.39821476
     0.39826775
     0.39828625
     0.39808670
     0.39800653
     0.39787182
     0.39769360
     0.39748865
     0.39727336
     0.39707384
     0.39691776
     0.39683658
     0.39684471
     0.39694113
     0.39710885
     0.39731836
     0.39752683
     0.39770779
     0.39784881
     0.39794561
     0.39797920
     0.39794439
     0.39784732
     0.39770389
     0.39752313
     0.39731196
     0.39710230
     0.39693335
     0.39683557
     0.39682660
     0.39690909
     0.39706606
     0.39726773
     0.39748260
     0.39768884
     0.39786884
     0.39800510
     0.39808568
     0.39811143
     0.39784381
     0.39772514
     0.39751506
     0.39723587
     0.39691734
     0.39658624
     0.39626768
     0.39601025
     0.39587283
     0.39589083
     0.39606637
     0.39636257
     0.39671832
     0.39706308
     0.39734650
     0.39756185
     0.39770317
     0.39775375
     0.39770192
     0.39755893
     0.39734247
     0.39705652
     0.39670983
     0.39635229
     0.39605373
     0.39587718
     0.39585859
     0.39599708
     0.39625537
     0.39657581
     0.39691117
     0.39722997
     0.39751029
     0.39772251
     0.39784318
     0.39788046
     0.39759138
     0.39740613
     0.39707297
     0.39663196
     0.39612547
     0.39556906
     0.39501753
     0.39458612
     0.39438525
     0.39445862
     0.39477319
     0.39525968
     0.39583042
     0.39637426
     0.39681038
     0.39713004
     0.39734516
     0.39742589
     0.39734289
     0.39712560
     0.39680359
     0.39636469
     0.39581761
     0.39524382
     0.39475212
     0.39443663
     0.39436245
     0.39456281
     0.39499864
     0.39555469
     0.39611471
     0.39662462
     0.39706847
     0.39740267
     0.39758989
     0.39764252
     0.39734825
     0.39707360
     0.39657575
     0.39590049
     0.39506009
     0.39406106
     0.39304173
     0.39225090
     0.39189538
     0.39204064
     0.39260620
     0.39345384
     0.39443430
     0.39536694
     0.39608878
     0.39658642
     0.39692309
     0.39705491
     0.39691991
     0.39658102
     0.39607963
     0.39535251
     0.39441374
     0.39342675
     0.39257294
     0.39200357
     0.39185628
     0.39221463
     0.39301139
     0.39403728
     0.39504468
     0.39589036
     0.39656782
     0.39707008
     0.39734653
     0.39742342
     0.39699578
     0.39660969
     0.39588675
     0.39485326
     0.39347833
     0.39179313
     0.39004013
     0.38860342
     0.38787389
     0.38807034
     0.38911322
     0.39067388
     0.39240021
     0.39401639
     0.39525521
     0.39604947
     0.39655697
     0.39675841
     0.39655280
     0.39604309
     0.39524361
     0.39399666
     0.39237022
     0.39063197
     0.38906047
     0.38800955
     0.38781151
     0.38854501
     0.38999370
     0.39175951
     0.39345425
     0.39483789
     0.39587680
     0.39660472
     0.39699325
     0.39709806
     0.39642641
     0.39588496
     0.39480898
     0.39322209
     0.39107946
     0.38837361
     0.38535637
     0.38270566
     0.38130519
     0.38166881
     0.38371065
     0.38667363
     0.38964170
     0.39220974
     0.39416689
     0.39539900
     0.39613771
     0.39642656
     0.39613238
     0.39538947
     0.39415103
     0.39218122
     0.38959974
     0.38660991
     0.38362226
     0.38156471
     0.38119689
     0.38260806
     0.38528061
     0.38832241
     0.39104629
     0.39319998
     0.39479658
     0.39587811
     0.39642358
     0.39655870
     0.39573970
     0.39496720
     0.39337793
     0.39102870
     0.38770667
     0.38297224
     0.37714222
     0.37197828
     0.36943868
     0.37030661
     0.37432981
     0.38011789
     0.38553387
     0.38962409
     0.39252627
     0.39433843
     0.39539489
     0.39580047
     0.39538836
     0.39432743
     0.39250439
     0.38958690
     0.38547039
     0.38001198
     0.37417272
     0.37011808
     0.36924273
     0.37180436
     0.37701082
     0.38288882
     0.38765997
     0.39100170
     0.39336082
     0.39495918
     0.39573690
     0.39591113
     0.39514083
     0.39407283
     0.39186186
     0.38854784
     0.38331571
     0.37484607
     0.36392143
     0.35390770
     0.34837723
     0.35028002
     0.35845426
     0.36927709
     0.37917256
     0.38601115
     0.39029494
     0.39284289
     0.39429945
     0.39485481
     0.39429370
     0.39282969
     0.39027038
     0.38596466
     0.37908393
     0.36911961
     0.35821033
     0.34995210
     0.34802979
     0.35363185
     0.36373180
     0.37473169
     0.38325727
     0.38851705
     0.39184317
     0.39406359
     0.39513743
     0.39536512
     0.39473587
     0.39336270
     0.39053228
     0.38613930
     0.37849444
     0.36531895
     0.34719181
     0.32519794
     0.30608615
     0.31202179
     0.33480591
     0.35532948
     0.37135327
     0.38186893
     0.38790140
     0.39127836
     0.39316607
     0.39387608
     0.39316040
     0.39126694
     0.38787901
     0.38182363
     0.37126315
     0.35515496
     0.33445367
     0.31133056
     0.30528969
     0.32473317
     0.34697270
     0.36520520
     0.37843642
     0.38611090
     0.39051712
     0.39335540
     0.39473397
     0.39502248
     0.39451560
     0.39290717
     0.38960174
     0.38432735
     0.37471831
     0.35755286
     0.32986313
     0.27747935
     0.20520663
     0.23010652
     0.30238050
     0.34236887
     0.36493689
     0.37856668
     0.38605565
     0.39011869
     0.39235067
     0.39318159
     0.39234698
     0.39011058
     0.38604110
     0.37853789
     0.36488017
     0.34223905
     0.30196115
     0.22875823
     0.20340574
     0.27678931
     0.32966736
     0.35748008
     0.37468272
     0.38430968
     0.38959232
     0.39290288
     0.39451361
     0.39485437
     0.39444488
     0.39274609
     0.38925701
     0.38364404
     0.37329838
     0.35446289
     0.32075959
     0.24112532
     0.06766465
     0.14713433
     0.28147352
     0.33649117
     0.36247221
     0.37731776
     0.38535830
     0.38968977
     0.39205858
     0.39293692
     0.39205870
     0.38968989
     0.38535818
     0.37731853
     0.36247104
     0.33649033
     0.28146914
     0.14711508
     0.06762382
     0.24111791
     0.32075882
     0.35446319
     0.37329882
     0.38364261
     0.38925767
     0.39274615
     0.39444518
     0.39480460
     0.39451325
     0.39289957
     0.38958567
     0.38429794
     0.37465772
     0.35742536
     0.32951769
     0.27627149
     0.20204379
     0.22774066
     0.30164400
     0.34213871
     0.36483645
     0.37851784
     0.38602981
     0.39010361
     0.39234310
     0.39317775
     0.39234713
     0.39011052
     0.38604322
     0.37854418
     0.36489224
     0.34226769
     0.30205926
     0.22908683
     0.20384988
     0.27695876
     0.32971379
     0.35749710
     0.37469214
     0.38431475
     0.38959563
     0.39290488
     0.39451528
     0.39485505
     0.39473227
     0.39335001
     0.39050701
     0.38609010
     0.37839431
     0.36511782
     0.34680229
     0.32437247
     0.30467451
     0.31079417
     0.33417979
     0.35501915
     0.37119085
     0.38178742
     0.38785863
     0.39125451
     0.39315116
     0.39386910
     0.39315683
     0.39126533
     0.38788089
     0.38183218
     0.37128028
     0.35519305
     0.33453244
     0.31149003
     0.30547681
     0.32484129
     0.34702224
     0.36523229
     0.37845281
     0.38611889
     0.39052290
     0.39335859
     0.39473364
     0.39502236
     0.39513373
     0.39405686
     0.39183179
     0.38849488
     0.38321242
     0.37464389
     0.36358446
     0.35341492
     0.34775588
     0.34969640
     0.35802180
     0.36899620
     0.37901396
     0.38592711
     0.39024851
     0.39281675
     0.39428493
     0.39484635
     0.39429089
     0.39282870
     0.39027348
     0.38597414
     0.37910205
     0.36915481
     0.35826585
     0.35002649
     0.34810659
     0.35369354
     0.36377385
     0.37475839
     0.38327187
     0.38852596
     0.39184996
     0.39406642
     0.39513716
     0.39536220
     0.39573264
     0.39495176
     0.39334810
     0.39098090
     0.38762417
     0.38282564
     0.37690920
     0.37166780
     0.36909059
     0.36997148
     0.37405467
     0.37993029
     0.38542241
     0.38955966
     0.39248899
     0.39431661
     0.39538130
     0.39579487
     0.39538795
     0.39432815
     0.39250976
     0.38959721
     0.38548562
     0.38003680
     0.37421051
     0.37016284
     0.36928692
     0.37184247
     0.37704012
     0.38290834
     0.38767064
     0.39100856
     0.39336485
     0.39496151
     0.39573455
     0.39590818
     0.39641938
     0.39587224
     0.39478543
     0.39318362
     0.39101958
     0.38828260
     0.38522351
     0.38253403
     0.38111547
     0.38148639
     0.38355651
     0.38656428
     0.38956910
     0.39216262
     0.39414048
     0.39538428
     0.39612907
     0.39642462
     0.39613384
     0.39539373
     0.39415655
     0.39219108
     0.38961101
     0.38662705
     0.38364360
     0.38159019
     0.38122284
     0.38263211
     0.38529935
     0.38833481
     0.39105374
     0.39320615
     0.39480016
     0.39588013
     0.39642254
     0.39655539
     0.39699009
     0.39660105
     0.39587152
     0.39482743
     0.39343637
     0.39173424
     0.38996106
     0.38850445
     0.38776439
     0.38796344
     0.38902032
     0.39060220
     0.39234862
     0.39398399
     0.39523765
     0.39603981
     0.39655095
     0.39675757
     0.39655417
     0.39604637
     0.39524883
     0.39400482
     0.39237967
     0.39064306
     0.38907391
     0.38802451
     0.38782665
     0.38856140
     0.39000785
     0.39177001
     0.39346069
     0.39484414
     0.39588171
     0.39660722
     0.39699373
     0.39709556
     0.39734635
     0.39706892
     0.39656469
     0.39588362
     0.39503494
     0.39402190
     0.39298940
     0.39218807
     0.39182824
     0.39197546
     0.39254874
     0.39340740
     0.39440104
     0.39534330
     0.39607471
     0.39657810
     0.39691821
     0.39705405
     0.39692083
     0.39658311
     0.39608356
     0.39535764
     0.39442009
     0.39343399
     0.39258176
     0.39201292
     0.39186725
     0.39222410
     0.39302054
     0.39404595
     0.39505142
     0.39589524
     0.39657223
     0.39707306
     0.39734888
     0.39742392
     0.39758965
     0.39740250
     0.39706495
     0.39662093
     0.39611027
     0.39554545
     0.39498642
     0.39454830
     0.39434755
     0.39442074
     0.39473903
     0.39523140
     0.39580902
     0.39636001
     0.39680067
     0.39712340
     0.39734250
     0.39742619
     0.39734349
     0.39712697
     0.39680722
     0.39636916
     0.39582205
     0.39524832
     0.39475861
     0.39444390
     0.39437079
     0.39457086
     0.39500540
     0.39556026
     0.39611992
     0.39662960
     0.39707056
     0.39740616
     0.39759120
     0.39764234
     0.39784235
     0.39772144
     0.39750919
     0.39722750
     0.39690599
     0.39656949
     0.39624879
     0.39598817
     0.39585057
     0.39586979
     0.39604563
     0.39634502
     0.39670500
     0.39705387
     0.39734131
     0.39755741
     0.39770153
     0.39775398
     0.39770281
     0.39756048
     0.39734533
     0.39705998
     0.39671424
     0.39635560
     0.39605755
     0.39588228
     0.39586398
     0.39600161
     0.39625955
     0.39658013
     0.39691371
     0.39723265
     0.39751315
     0.39772454
     0.39784402
     0.39787957
     0.39808550
     0.39800510
     0.39786741
     0.39768869
     0.39748025
     0.39726353
     0.39706138
     0.39690539
     0.39682129
     0.39682987
     0.39692807
     0.39709783
     0.39730874
     0.39752030
     0.39770314
     0.39784667
     0.39794484
     0.39798072
     0.39794552
     0.39784923
     0.39770553
     0.39752585
     0.39731529
     0.39710569
     0.39693651
     0.39683977
     0.39683044
     0.39691296
     0.39706907
     0.39726973
     0.39748612
     0.39769208
     0.39787114
     0.39800736
     0.39808622
     0.39811233
     0.39826843
     0.39821413
     0.39812362
     0.39800537
     0.39787257
     0.39773753
     0.39761510
     0.39752421
     0.39748082
     0.39749023
     0.39754692
     0.39764109
     0.39776123
     0.39788526
     0.39799589
     0.39808723
     0.39814988
     0.39817151
     0.39814982
     0.39808747
     0.39799827
     0.39788705
     0.39776617
     0.39764708
     0.39755198
     0.39749563
     0.39748600
     0.39753032
     0.39762077
     0.39774132
     0.39787787
     0.39800948
     0.39812592
     0.39821610
     0.39826986
     0.39828646
     0.39841354
     0.39837962
     0.39832228
     0.39824992
     0.39816803
     0.39808673
     0.39801329
     0.39795586
     0.39792576
     0.39792883
     0.39796317
     0.39802399
     0.39810002
     0.39817700
     0.39824745
     0.39830557
     0.39834493
     0.39835751
     0.39834458
     0.39830709
     0.39825061
     0.39818031
     0.39810216
     0.39802694
     0.39796665
     0.39793178
     0.39793026
     0.39796010
     0.39801565
     0.39808866
     0.39816985
     0.39825228
     0.39832467
     0.39838082
     0.39841336
     0.39842501
     0.39854866
     0.39852715
     0.39849237
     0.39844838
     0.39839762
     0.39834586
     0.39829963
     0.39826250
     0.39824045
     0.39823818
     0.39825743
     0.39829385
     0.39834195
     0.39839101
     0.39843807
     0.39847431
     0.39850175
     0.39851069
     0.39850110
     0.39847562
     0.39843911
     0.39839247
     0.39834216
     0.39829561
     0.39825854
     0.39823955
     0.39824191
     0.39826491
     0.39830202
     0.39834946
     0.39840072
     0.39845011
     0.39849490
     0.39852673
     0.39854836
     0.39855510
     0.39865953
     0.39864525
     0.39862385
     0.39859539
     0.39856327
     0.39853036
     0.39850235
     0.39847839
     0.39846495
     0.39846367
     0.39847305
     0.39849252
     0.39852020
     0.39854899
     0.39857918
     0.39860317
     0.39861983
     0.39862692
     0.39862069
     0.39860409
     0.39857990
     0.39855006
     0.39852235
     0.39849511
     0.39847338
     0.39846626
     0.39846596
     0.39848077
     0.39850265
     0.39853263
     0.39856339
     0.39859751
     0.39862478
     0.39864680
     0.39866158
     0.39866513
     0.39874047
     0.39873385
     0.39871916
     0.39870128
     0.39868242
     0.39866334
     0.39864349
     0.39862853
     0.39862037
     0.39861876
     0.39862525
     0.39863405
     0.39865309
     0.39867145
     0.39869156
     0.39870611
     0.39871737
     0.39872253
     0.39871913
     0.39870802
     0.39869273
     0.39867288
     0.39865470
     0.39863741
     0.39862651
     0.39861840
     0.39862135
     0.39862871
     0.39864415
     0.39866278
     0.39868107
     0.39870307
     0.39872065
     0.39873454
     0.39874330
     0.39874387
     0.39880213
     0.39879605
     0.39878812
     0.39877850
     0.39876685
     0.39875403
     0.39874104
     0.39872980
     0.39872372
     0.39871991
     0.39872214
     0.39872950
     0.39874214
     0.39875537
     0.39876881
     0.39877677
     0.39878938
     0.39879239
     0.39878994
     0.39878002
     0.39877051
     0.39875564
     0.39874169
     0.39873099
     0.39872390
     0.39872098
     0.39872366
     0.39872950
     0.39874092
     0.39875433
     0.39876521
     0.39877713
     0.39878863
     0.39879471
     0.39880133
     0.39880529
     0.39883953
     0.39883438
     0.39883092
     0.39882475
     0.39881524
     0.39880422
     0.39879552
     0.39878598
     0.39877951
     0.39877939
     0.39878151
     0.39878249
     0.39879200
     0.39880416
     0.39881244
     0.39882401
     0.39883015
     0.39883596
     0.39883214
     0.39882332
     0.39881325
     0.39880228
     0.39879155
     0.39878687
     0.39878234
     0.39877748
     0.39878276
     0.39878708
     0.39879844
     0.39880875
     0.39881423
     0.39882249
     0.39883205
     0.39883584
     0.39883921
     0.39884156
     0.39885178
     0.39885065
     0.39884418
     0.39883938
     0.39883277
     0.39882296
     0.39881536
     0.39880770
     0.39880043
     0.39879954
     0.39880168
     0.39880615
     0.39881209
     0.39882115
     0.39883000
     0.39883885
     0.39884421
     0.39884651
     0.39884439
     0.39883825
     0.39883029
     0.39881918
     0.39881045
     0.39880359
     0.39880067
     0.39879826
     0.39880049
     0.39880577
     0.39881286
     0.39882091
     0.39882886
     0.39883605
     0.39884323
     0.39884797
     0.39885107
     0.39885175
