 (0.3683571,-0.1491857)
 (0.3699987,-0.1450592)
 (0.3723525,-0.1388544)
 (0.3752972,-0.1305909)
 (0.3786790,-0.1202974)
 (0.3823110,-0.1080219)
 (0.3859799,-9.3852319E-02)
 (0.3894516,-7.7930450E-02)
 (0.3924917,-6.0467478E-02)
 (0.3948812,-4.1753307E-02)
 (0.3964372,-2.2151442E-02)
 (0.3970419,-2.0863120E-03)
 (0.3966492,1.7983871E-02)
 (0.3952987,3.7601069E-02)
 (0.3931064,5.6338981E-02)
 (0.3902501,7.3832437E-02)
 (0.3869453,8.9789584E-02)
 (0.3834268,0.1039967)
 (0.3799244,0.1163093)
 (0.3766504,0.1266377)
 (0.3737926,0.1349311)
 (0.3715038,0.1411608)
 (0.3699075,0.1453042)
 (0.3690888,0.1473374)
 (0.3691046,0.1472237)
 (0.3699677,0.1449121)
 (0.3716580,0.1403381)
 (0.3741071,0.1334281)
 (0.3771937,0.1241130)
 (0.3807419,0.1123470)
 (0.3845209,9.8135158E-02)
 (0.3882422,8.1564300E-02)
 (0.3915886,6.2837683E-02)
 (0.3942369,4.2302258E-02)
 (0.3959059,2.0454647E-02)
 (0.3964062,-2.0823544E-03)
 (0.3956694,-2.4613075E-02)
 (0.3937710,-4.6442337E-02)
 (0.3909063,-6.6949010E-02)
 (0.3873641,-8.5639864E-02)
 (0.3834664,-0.1021708)
 (0.3795397,-0.1163430)
 (0.3758662,-0.1280706)
 (0.3726814,-0.1373533)
 (0.3701614,-0.1442379)
 (0.3684224,-0.1487941)
 (0.3675338,-0.1510967)
 (0.3675187,-0.1512106)
 (0.3674559,-0.1513797)
 (0.3695242,-0.1463003)
 (0.3722479,-0.1392229)
 (0.3754849,-0.1302038)
 (0.3790663,-0.1193034)
 (0.3828030,-0.1066008)
 (0.3864882,-9.2204824E-02)
 (0.3899109,-7.6269068E-02)
 (0.3928635,-5.8999468E-02)
 (0.3951571,-4.0659666E-02)
 (0.3966406,-2.1568863E-02)
 (0.3972163,-2.0880557E-03)
 (0.3968459,1.7398290E-02)
 (0.3955635,3.6503639E-02)
 (0.3934623,5.4866113E-02)
 (0.3906923,7.2165646E-02)
 (0.3874370,8.8136159E-02)
 (0.3839029,0.1025699)
 (0.3803008,0.1153110)
 (0.3768349,0.1262479)
 (0.3736929,0.1353004)
 (0.3710433,0.1424060)
 (0.3690288,0.1475068)
 (0.3677675,0.1505407)
 (0.3673470,0.1514305)
 (0.3678228,0.1500794)
 (0.3692099,0.1463714)
 (0.3714763,0.1401734)
 (0.3745298,0.1313468)
 (0.3782105,0.1197712)
 (0.3822743,0.1053740)
 (0.3863990,8.8179395E-02)
 (0.3901980,6.8360053E-02)
 (0.3932640,4.6286851E-02)
 (0.3952283,2.2547329E-02)
 (0.3958266,-2.0784514E-03)
 (0.3949692,-2.6696943E-02)
 (0.3927569,-5.0415136E-02)
 (0.3894582,-7.2455637E-02)
 (0.3854501,-9.2234418E-02)
 (0.3811451,-0.1093849)
 (0.3769302,-0.1237390)
 (0.3731279,-0.1352760)
 (0.3699808,-0.1440702)
 (0.3676496,-0.1502450)
 (0.3662229,-0.1539386)
 (0.3657332,-0.1552843)
 (0.3661631,-0.1543997)
 (0.3656697,-0.1555956)
 (0.3682443,-0.1494882)
 (0.3714204,-0.1414611)
 (0.3750314,-0.1315996)
 (0.3788978,-0.1199902)
 (0.3828294,-0.1067319)
 (0.3866278,-9.1947809E-02)
 (0.3900944,-7.5795360E-02)
 (0.3930450,-5.8473162E-02)
 (0.3953129,-4.0221408E-02)
 (0.3967709,-2.1322558E-02)
 (0.3973350,-2.0889016E-03)
 (0.3969737,1.7149499E-02)
 (0.3957141,3.6062676E-02)
 (0.3936373,5.4337077E-02)
 (0.3908696,7.1689323E-02)
 (0.3875732,8.7877095E-02)
 (0.3839316,0.1027002)
 (0.3801397,0.1159990)
 (0.3763953,0.1276482)
 (0.3728880,0.1375473)
 (0.3697973,0.1456068)
 (0.3672871,0.1517411)
 (0.3655027,0.1558547)
 (0.3645692,0.1578337)
 (0.3645838,0.1575357)
 (0.3656074,0.1547902)
 (0.3676555,0.1493951)
 (0.3706781,0.1411280)
 (0.3745360,0.1297649)
 (0.3789850,0.1151226)
 (0.3836654,9.7121634E-02)
 (0.3881099,7.5865909E-02)
 (0.3917884,5.1731460E-02)
 (0.3941882,2.5418025E-02)
 (0.3949357,-2.0729401E-03)
 (0.3938993,-2.9554881E-02)
 (0.3912230,-5.5842206E-02)
 (0.3872914,-7.9937428E-02)
 (0.3826228,-0.1011462)
 (0.3777537,-0.1190979)
 (0.3731503,-0.1336932)
 (0.3691730,-0.1450157)
 (0.3660643,-0.1532517)
 (0.3639586,-0.1586250)
 (0.3629060,-0.1613605)
 (0.3628882,-0.1616582)
 (0.3638429,-0.1596901)
 (0.3629507,-0.1617544)
 (0.3661483,-0.1545154)
 (0.3698838,-0.1454380)
 (0.3739709,-0.1346280)
 (0.3782241,-0.1221920)
 (0.3824475,-0.1082413)
 (0.3864508,-9.2907935E-02)
 (0.3900492,-7.6348715E-02)
 (0.3930742,-5.8752269E-02)
 (0.3953795,-4.0338919E-02)
 (0.3968500,-2.1360302E-02)
 (0.3974175,-2.0899232E-03)
 (0.3970540,1.7185446E-02)
 (0.3957811,3.6178648E-02)
 (0.3936705,5.4615185E-02)
 (0.3908312,7.2242312E-02)
 (0.3874072,8.8838346E-02)
 (0.3835659,0.1042132)
 (0.3794885,0.1182070)
 (0.3753676,0.1306873)
 (0.3713930,0.1415390)
 (0.3677538,0.1506556)
 (0.3646338,0.1579285)
 (0.3622060,0.1632355)
 (0.3606322,0.1664291)
 (0.3600557,0.1673256)
 (0.3605971,0.1656986)
 (0.3623299,0.1612712)
 (0.3652601,0.1537174)
 (0.3692989,0.1426826)
 (0.3742225,0.1278258)
 (0.3796424,0.1088953)
 (0.3849823,8.5857324E-02)
 (0.3895315,5.9050303E-02)
 (0.3925653,2.9303364E-02)
 (0.3935334,-2.0644572E-03)
 (0.3922360,-3.3420525E-02)
 (0.3888898,-6.3135304E-02)
 (0.3840596,-8.9893699E-02)
 (0.3784780,-0.1128756)
 (0.3728592,-0.1317491)
 (0.3677778,-0.1465543)
 (0.3636235,-0.1575472)
 (0.3606133,-0.1650705)
 (0.3588342,-0.1694805)
 (0.3582760,-0.1711021)
 (0.3588599,-0.1702120)
 (0.3604672,-0.1670357)
 (0.3592307,-0.1697542)
 (0.3632012,-0.1612586)
 (0.3676327,-0.1510128)
 (0.3723220,-0.1391380)
 (0.3770720,-0.1257504)
 (0.3816915,-0.1109710)
 (0.3859940,-9.4933480E-02)
 (0.3898080,-7.7791855E-02)
 (0.3929773,-5.9723504E-02)
 (0.3953709,-4.0930826E-02)
 (0.3968918,-2.1639209E-02)
 (0.3974755,-2.0908578E-03)
 (0.3970978,1.7462816E-02)
 (0.3957801,3.6769342E-02)
 (0.3935835,5.5586107E-02)
 (0.3906038,7.3686346E-02)
 (0.3869716,9.0867288E-02)
 (0.3828377,0.1069493)
 (0.3783746,0.1217765)
 (0.3737664,0.1352134)
 (0.3692015,0.1471370)
 (0.3648796,0.1574293)
 (0.3609979,0.1659658)
 (0.3577581,0.1726050)
 (0.3553585,0.1771726)
 (0.3539962,0.1794506)
 (0.3538541,0.1791598)
 (0.3550801,0.1759438)
 (0.3577690,0.1693646)
 (0.3619187,0.1589054)
 (0.3673586,0.1440002)
 (0.3736755,0.1241277)
 (0.3801806,9.9001169E-02)
 (0.3859294,6.8824328E-02)
 (0.3898729,3.4547579E-02)
 (0.3911658,-2.0503942E-03)
 (0.3894889,-3.8633823E-02)
 (0.3851867,-7.2868362E-02)
 (0.3791213,-0.1029844)
 (0.3723511,-0.1280431)
 (0.3658250,-0.1478499)
 (0.3602282,-0.1626983)
 (0.3559681,-0.1731142)
 (0.3532099,-0.1796664)
 (0.3519499,-0.1828702)
 (0.3520893,-0.1831634)
 (0.3534748,-0.1808999)
 (0.3559217,-0.1763584)
 (0.3544273,-0.1794534)
 (0.3593617,-0.1695690)
 (0.3646526,-0.1580321)
 (0.3700846,-0.1449712)
 (0.3754583,-0.1305093)
 (0.3805820,-0.1147693)
 (0.3852791,-9.7883858E-02)
 (0.3893892,-8.0000922E-02)
 (0.3927702,-6.1286859E-02)
 (0.3953048,-4.1926704E-02)
 (0.3969056,-2.2123175E-02)
 (0.3975150,-2.0914581E-03)
 (0.3971150,1.7945370E-02)
 (0.3957232,3.7764810E-02)
 (0.3933928,5.7150349E-02)
 (0.3902092,7.5898863E-02)
 (0.3862886,9.3824267E-02)
 (0.3817688,0.1107584)
 (0.3768110,0.1265516)
 (0.3715907,0.1410692)
 (0.3662959,0.1541865)
 (0.3611275,0.1657786)
 (0.3562966,0.1757146)
 (0.3520259,0.1838395)
 (0.3485498,0.1899638)
 (0.3461178,0.1938449)
 (0.3449804,0.1951592)
 (0.3453808,0.1934817)
 (0.3475375,0.1882601)
 (0.3515687,0.1787859)
 (0.3573990,0.1641920)
 (0.3646823,0.1435714)
 (0.3726807,0.1161950)
 (0.3801446,8.1900865E-02)
 (0.3854859,4.1675724E-02)
 (0.3873012,-2.0285556E-03)
 (0.3850284,-4.5712236E-02)
 (0.3792658,-8.5880838E-02)
 (0.3714406,-0.1200971)
 (0.3631553,-0.1473901)
 (0.3556542,-0.1679346)
 (0.3496703,-0.1824683)
 (0.3455389,-0.1919013)
 (0.3433276,-0.1971007)
 (0.3429086,-0.1987758)
 (0.3440598,-0.1974743)
 (0.3465317,-0.1936196)
 (0.3500710,-0.1875326)
 (0.3484564,-0.1906686)
 (0.3545839,-0.1792665)
 (0.3609236,-0.1663196)
 (0.3672599,-0.1519603)
 (0.3733903,-0.1363088)
 (0.3791344,-0.1194876)
 (0.3843230,-0.1016250)
 (0.3888094,-8.2861483E-02)
 (0.3924651,-6.3350931E-02)
 (0.3951864,-4.3262891E-02)
 (0.3968944,-2.2779055E-02)
 (0.3975422,-2.0919016E-03)
 (0.3971124,1.8600848E-02)
 (0.3956190,3.9101496E-02)
 (0.3931096,5.9216917E-02)
 (0.3896598,7.8764670E-02)
 (0.3853714,9.7574666E-02)
 (0.3803714,0.1154908)
 (0.3748059,0.1323716)
 (0.3688401,0.1480867)
 (0.3626555,0.1625121)
 (0.3564510,0.1755247)
 (0.3504448,0.1869914)
 (0.3448709,0.1967546)
 (0.3399951,0.2046223)
 (0.3361110,0.2103405)
 (0.3335347,0.2135611)
 (0.3326170,0.2138125)
 (0.3337162,0.2104458)
 (0.3371082,0.2025391)
 (0.3429440,0.1888952)
 (0.3511446,0.1681020)
 (0.3610067,0.1386310)
 (0.3708948,9.9494047E-02)
 (0.3784071,5.1484689E-02)
 (0.3810927,-1.9937376E-03)
 (0.3778480,-5.5442274E-02)
 (0.3698313,-0.1033726)
 (0.3595326,-0.1424069)
 (0.3493604,-0.1717763)
 (0.3409405,-0.1924842)
 (0.3349601,-0.2060678)
 (0.3314852,-0.2139402)
 (0.3303489,-0.2172965)
 (0.3312688,-0.2170568)
 (0.3338788,-0.2138639)
 (0.3378226,-0.2081873)
 (0.3427805,-0.2003727)
 (0.3412555,-0.2031628)
 (0.3488353,-0.1901329)
 (0.3564382,-0.1756768)
 (0.3638501,-0.1599209)
 (0.3708819,-0.1429815)
 (0.3773622,-0.1249759)
 (0.3831394,-0.1060264)
 (0.3880796,-8.6263850E-02)
 (0.3920711,-6.5830603E-02)
 (0.3950229,-4.4880502E-02)
 (0.3968666,-2.3577347E-02)
 (0.3975612,-2.0925526E-03)
 (0.3970920,1.9398296E-02)
 (0.3954721,4.0719725E-02)
 (0.3927422,6.1699413E-02)
 (0.3889658,8.2173616E-02)
 (0.3842343,0.1019873)
 (0.3786579,0.1209969)
 (0.3723676,0.1390696)
 (0.3655149,0.1560820)
 (0.3582679,0.1719151)
 (0.3508178,0.1864507)
 (0.3433752,0.1995599)
 (0.3361791,0.2110929)
 (0.3295090,0.2208666)
 (0.3236824,0.2286343)
 (0.3190696,0.2340500)
 (0.3161179,0.2366363)
 (0.3153130,0.2356757)
 (0.3171467,0.2300812)
 (0.3221778,0.2183883)
 (0.3307320,0.1985219)
 (0.3422382,0.1676253)
 (0.3549641,0.1232406)
 (0.3657012,6.5281630E-02)
 (0.3698826,-1.9316957E-03)
 (0.3649986,-6.9099709E-02)
 (0.3536537,-0.1269470)
 (0.3404616,-0.1712007)
 (0.3286293,-0.2019784)
 (0.3198653,-0.2217576)
 (0.3147100,-0.2333989)
 (0.3128166,-0.2389760)
 (0.3136109,-0.2399465)
 (0.3165894,-0.2373925)
 (0.3212577,-0.2320263)
 (0.3271655,-0.2243215)
 (0.3339383,-0.2146187)
 (0.3327954,-0.2166421)
 (0.3421116,-0.2019124)
 (0.3512020,-0.1858764)
 (0.3598714,-0.1686530)
 (0.3679498,-0.1503507)
 (0.3752852,-0.1310794)
 (0.3817438,-0.1109552)
 (0.3872127,-9.0098739E-02)
 (0.3915978,-6.8641499E-02)
 (0.3948200,-4.6722859E-02)
 (0.3968229,-2.4488933E-02)
 (0.3975726,-2.0929393E-03)
 (0.3970590,2.0309493E-02)
 (0.3952890,4.2563133E-02)
 (0.3922987,6.4514652E-02)
 (0.3881411,8.6016968E-02)
 (0.3828911,0.1069296)
 (0.3766447,0.1271211)
 (0.3695134,0.1464683)
 (0.3616290,0.1648548)
 (0.3531405,0.1821690)
 (0.3442194,0.1982996)
 (0.3350591,0.2131272)
 (0.3258846,0.2265152)
 (0.3169654,0.2383015)
 (0.3086160,0.2482613)
 (0.3012248,0.2560836)
 (0.2952859,0.2613285)
 (0.2913615,0.2632639)
 (0.2901821,0.2607787)
 (0.2927293,0.2522880)
 (0.2997189,0.2349168)
 (0.3112599,0.2041805)
 (0.3268959,0.1555336)
 (0.3429046,8.5662901E-02)
 (0.3499631,-1.8224211E-03)
 (0.3419898,-8.9232996E-02)
 (0.3252485,-0.1589394)
 (0.3091010,-0.2074269)
 (0.2972350,-0.2380451)
 (0.2900621,-0.2553462)
 (0.2874236,-0.2638125)
 (0.2885755,-0.2663114)
 (0.2925195,-0.2644188)
 (0.2985131,-0.2592379)
 (0.3059847,-0.2514942)
 (0.3144384,-0.2416233)
 (0.3234816,-0.2299330)
 (0.3231089,-0.2307628)
 (0.3344488,-0.2143133)
 (0.3452525,-0.1966698)
 (0.3553586,-0.1779409)
 (0.3646251,-0.1582284)
 (0.3729275,-0.1376374)
 (0.3801585,-0.1162761)
 (0.3862258,-9.4257012E-02)
 (0.3910544,-7.1700796E-02)
 (0.3945826,-4.8733436E-02)
 (0.3967667,-2.5485754E-02)
 (0.3975797,-2.0935142E-03)
 (0.3970131,2.1305801E-02)
 (0.3950734,4.4575073E-02)
 (0.3917877,6.7578711E-02)
 (0.3871969,9.0184495E-02)
 (0.3813617,0.1122659)
 (0.3743567,0.1337030)
 (0.3662717,0.1543800)
 (0.3572137,0.1741882)
 (0.3473061,0.1930235)
 (0.3366877,0.2107798)
 (0.3255218,0.2273474)
 (0.3139997,0.2426074)
 (0.3023513,0.2564192)
 (0.2908475,0.2685916)
 (0.2798389,0.2788692)
 (0.2697752,0.2868759)
 (0.2611955,0.2919417)
 (0.2549331,0.2931056)
 (0.2521445,0.2888514)
 (0.2539343,0.2757261)
 (0.2621529,0.2482757)
 (0.2793630,0.1993939)
 (0.3016082,0.1168191)
 (0.3124793,-1.6183604E-03)
 (0.3003711,-0.1199445)
 (0.2772598,-0.2022957)
 (0.2595325,-0.2510035)
 (0.2510230,-0.2783721)
 (0.2490929,-0.2914825)
 (0.2518348,-0.2957683)
 (0.2581082,-0.2946722)
 (0.2667402,-0.2896975)
 (0.2768868,-0.2817977)
 (0.2880027,-0.2716374)
 (0.2996337,-0.2595871)
 (0.3114276,-0.2459006)
 (0.3123010,-0.2451418)
 (0.3259350,-0.2270180)
 (0.3386634,-0.2077878)
 (0.3503701,-0.1875548)
 (0.3609545,-0.1664199)
 (0.3703267,-0.1444843)
 (0.3784086,-0.1218513)
 (0.3851340,-9.8627776E-02)
 (0.3904515,-7.4924603E-02)
 (0.3943174,-5.0855964E-02)
 (0.3967010,-2.6539121E-02)
 (0.3975836,-2.0941026E-03)
 (0.3969586,2.2359045E-02)
 (0.3948308,4.6699494E-02)
 (0.3912192,7.0807420E-02)
 (0.3861517,9.4565228E-02)
 (0.3796707,0.1178588)
 (0.3718284,0.1405760)
 (0.3626881,0.1626087)
 (0.3523275,0.1838538)
 (0.3408343,0.2042091)
 (0.3283091,0.2235725)
 (0.3148666,0.2418396)
 (0.3006449,0.2588999)
 (0.2858055,0.2746295)
 (0.2705330,0.2888647)
 (0.2550741,0.3014034)
 (0.2397275,0.3119293)
 (0.2248532,0.3198666)
 (0.2110988,0.3244887)
 (0.1993795,0.3245262)
 (0.1908305,0.3166305)
 (0.1884954,0.2959115)
 (0.1967462,0.2526024)
 (0.2126741,0.1586971)
 (0.2210163,-1.1279085E-03)
 (0.2110010,-0.1608742)
 (0.1940852,-0.2546321)
 (0.1853754,-0.2978647)
 (0.1874886,-0.3186128)
 (0.1959523,-0.3266016)
 (0.2076708,-0.3266904)
 (0.2214717,-0.3222133)
 (0.2364286,-0.3144342)
 (0.2518843,-0.3040706)
 (0.2674744,-0.2916967)
 (0.2828958,-0.2776233)
 (0.2979008,-0.2620516)
 (0.3005588,-0.2593856)
 (0.3167150,-0.2396991)
 (0.3315461,-0.2189553)
 (0.3449942,-0.1972626)
 (0.3570053,-0.1747266)
 (0.3675297,-0.1514519)
 (0.3765274,-0.1275415)
 (0.3839617,-0.1030985)
 (0.3898032,-7.8227736E-02)
 (0.3940310,-5.3033583E-02)
 (0.3966275,-2.7620833E-02)
 (0.3975834,-2.0944651E-03)
 (0.3968966,2.3440581E-02)
 (0.3945684,4.8879310E-02)
 (0.3906060,7.4116446E-02)
 (0.3850271,9.9047288E-02)
 (0.3778512,0.1235673)
 (0.3691061,0.1475714)
 (0.3588274,0.1709559)
 (0.3470547,0.1936170)
 (0.3338359,0.2154502)
 (0.3192243,0.2363501)
 (0.3032764,0.2562054)
 (0.2860586,0.2749018)
 (0.2676440,0.2923135)
 (0.2480976,0.3082781)
 (0.2275056,0.3226056)
 (0.2059365,0.3349974)
 (0.1834289,0.3449121)
 (0.1601658,0.3517428)
 (0.1363531,0.3543777)
 (0.1120715,0.3498022)
 (8.8339239E-02,0.3340727)
 (6.6362165E-02,0.2955965)
 (4.6688817E-02,0.1933515)
 (3.6680322E-02,-1.5079961E-04)
 (4.4647772E-02,-0.1937732)
 (6.3243002E-02,-0.2962534)
 (8.4813617E-02,-0.3349727)
 (0.1083785,-0.3509554)
 (0.1326107,-0.3557899)
 (0.1564498,-0.3534067)
 (0.1797836,-0.3468223)
 (0.2023949,-0.3371465)
 (0.2240929,-0.3249827)
 (0.2448353,-0.3108737)
 (0.2645479,-0.2951156)
 (0.2831455,-0.2778999)
 (0.2881495,-0.2731152)
 (0.3069904,-0.2520413)
 (0.3240537,-0.2299030)
 (0.3393456,-0.2068330)
 (0.3528624,-0.1829508)
 (0.3646014,-0.1583717)
 (0.3745605,-0.1332056)
 (0.3827344,-0.1075565)
 (0.3891251,-8.1525825E-02)
 (0.3937285,-5.5209473E-02)
 (0.3965478,-2.8702088E-02)
 (0.3975819,-2.0948998E-03)
 (0.3968292,2.4521695E-02)
 (0.3942891,5.1057581E-02)
 (0.3899624,7.7420622E-02)
 (0.3838477,0.1035176)
 (0.3759433,0.1292508)
 (0.3662508,0.1545209)
 (0.3547714,0.1792224)
 (0.3415063,0.2032454)
 (0.3264600,0.2264759)
 (0.3096306,0.2487925)
 (0.2910128,0.2700650)
 (0.2705954,0.2901513)
 (0.2483515,0.3088949)
 (0.2242175,0.3260946)
 (0.1981011,0.3415073)
 (0.1698272,0.3547711)
 (0.1390812,0.3652404)
 (0.1055001,0.3721428)
 (6.8476580E-02,0.3740864)
 (2.6733486E-02,0.3675513)
 (-2.1603080E-02,0.3476466)
 (-7.8912914E-02,0.3024446)
 (-0.1392277,0.1943926)
 (-0.1695191,9.3229476E-04)
 (-0.1412831,-0.1928583)
 (-8.2110867E-02,-0.3015710)
 (-2.5275974E-02,-0.3473881)
 (2.2851661E-02,-0.3678051)
 (6.4525463E-02,-0.3747833)
 (0.1015692,-0.3732311)
 (0.1352218,-0.3666846)
 (0.1660767,-0.3565389)
 (0.1944892,-0.3435751)
 (0.2207673,-0.3284381)
 (0.2450812,-0.3114944)
 (0.2675214,-0.2929861)
 (0.2754026,-0.2860006)
 (0.2970079,-0.2637565)
 (0.3163718,-0.2403818)
 (0.3335617,-0.2160468)
 (0.3486290,-0.1909009)
 (0.3616145,-0.1650797)
 (0.3725563,-0.1387060)
 (0.3814875,-0.1118907)
 (0.3884349,-8.4733784E-02)
 (0.3934212,-5.7326797E-02)
 (0.3964651,-2.9754257E-02)
 (0.3975755,-2.0953100E-03)
 (0.3967573,2.5573617E-02)
 (0.3940042,5.3176675E-02)
 (0.3893060,8.0634728E-02)
 (0.3826466,0.1078636)
 (0.3739985,0.1347719)
 (0.3633350,0.1612598)
 (0.3506216,0.1872157)
 (0.3358211,0.2125187)
 (0.3188893,0.2370340)
 (0.2997725,0.2606116)
 (0.2784031,0.2830825)
 (0.2546955,0.3042563)
 (0.2285333,0.3239110)
 (0.1997418,0.3417591)
 (0.1680814,0.3574386)
 (0.1331981,0.3704312)
 (9.4544746E-02,0.3798641)
 (5.1417939E-02,0.3845328)
 (2.8601387E-03,0.3824604)
 (-5.2512359E-02,0.3692005)
 (-0.1161291,0.3379564)
 (-0.1881691,0.2782761)
 (-0.2580326,0.1684765)
 (-0.2907571,1.5618885E-03)
 (-0.2598109,-0.1657011)
 (-0.1911113,-0.2762511)
 (-0.1196999,-0.3366993)
 (-5.6411877E-02,-0.3686181)
 (-1.1794218E-03,-0.3824653)
 (4.7356151E-02,-0.3850504)
 (9.0531617E-02,-0.3808385)
 (0.1292833,-0.3718148)
 (0.1643024,-0.3591906)
 (0.1961267,-0.3438447)
 (0.2251047,-0.3263010)
 (0.2514730,-0.3069236)
 (0.2626840,-0.2977801)
 (0.2870438,-0.2746041)
 (0.3087106,-0.2501704)
 (0.3278037,-0.2247050)
 (0.3444222,-0.1983990)
 (0.3586530,-0.1714186)
 (0.3705751,-0.1439084)
 (0.3802552,-0.1159893)
 (0.3877533,-8.7766193E-02)
 (0.3931164,-5.9327561E-02)
 (0.3963812,-3.0748306E-02)
 (0.3975666,-2.0956183E-03)
 (0.3966824,2.6567649E-02)
 (0.3937203,5.5179521E-02)
 (0.3886579,8.3673783E-02)
 (0.3814580,0.1119746)
 (0.3720727,0.1399938)
 (0.3604415,0.1676288)
 (0.3464949,0.1947568)
 (0.3301551,0.2212363)
 (0.3113329,0.2469027)
 (0.2899251,0.2715634)
 (0.2658104,0.2949951)
 (0.2388441,0.3169333)
 (0.2088454,0.3370616)
 (0.1755705,0.3549715)
 (0.1387041,0.3701300)
 (9.7831413E-02,0.3818068)
 (5.2386504E-02,0.3888458)
 (1.6972995E-03,0.3895684)
 (-5.4928891E-02,0.3815064)
 (-0.1179228,0.3600492)
 (-0.1863143,0.3180887)
 (-0.2559817,0.2477281)
 (-0.3151105,0.1410081)
 (-0.3403766,1.8158823E-03)
 (-0.3165915,-0.1376410)
 (-0.2585949,-0.2449901)
 (-0.1896721,-0.3160913)
 (-0.1217245,-0.3587766)
 (-5.8957487E-02,-0.3809008)
 (-2.4170913E-03,-0.3895619)
 (4.8278421E-02,-0.3893752)
 (9.3796819E-02,-0.3828162)
 (0.1347911,-0.3715711)
 (0.1718161,-0.3568020)
 (0.2052782,-0.3392434)
 (0.2354882,-0.3194329)
 (0.2503689,-0.3082749)
 (0.2773899,-0.2844000)
 (0.3012941,-0.2590866)
 (0.3222404,-0.2326309)
 (0.3403710,-0.2052801)
 (0.3558122,-0.1772404)
 (0.3686813,-0.1486825)
 (0.3790806,-0.1197451)
 (0.3871035,-9.0540156E-02)
 (0.3928231,-6.1154012E-02)
 (0.3962943,-3.1654444E-02)
 (0.3975521,-2.0961182E-03)
 (0.3966070,2.7473997E-02)
 (0.3934470,5.7008434E-02)
 (0.3880376,8.6453348E-02)
 (0.3803230,0.1157414)
 (0.3702282,0.1447863)
 (0.3576621,0.1734792)
 (0.3425178,0.2016803)
 (0.3246774,0.2292207)
 (0.3040107,0.2558962)
 (0.2803742,0.2814596)
 (0.2536071,0.3056183)
 (0.2235253,0.3280166)
 (0.1899175,0.3482226)
 (0.1525291,0.3656879)
 (0.1110547,0.3796929)
 (6.5146416E-02,0.3892839)
 (1.4421427E-02,0.3930797)
 (-4.1442402E-02,0.3890781)
 (-0.1024784,0.3745821)
 (-0.1679693,0.3456063)
 (-0.2352119,0.2965704)
 (-0.2979898,0.2223560)
 (-0.3456179,0.1216734)
 (-0.3643721,1.9377263E-03)
 (-0.3468902,-0.1179922)
 (-0.3003302,-0.2191783)
 (-0.2383395,-0.2940577)
 (-0.1716165,-0.3438056)
 (-0.1064323,-0.3734740)
 (-4.5550447E-02,-0.3886151)
 (1.0269610E-02,-0.3932088)
 (6.1033405E-02,-0.3899479)
 (0.1070410,-0.3808412)
 (0.1486618,-0.3672746)
 (0.1862327,-0.3502053)
 (0.2200518,-0.3303543)
 (0.2388102,-0.3173853)
 (0.2683270,-0.2930152)
 (0.2943453,-0.2669868)
 (0.3170491,-0.2396777)
 (0.3366087,-0.2113987)
 (0.3531879,-0.1824053)
 (0.3669407,-0.1529020)
 (0.3780067,-0.1230502)
 (0.3865096,-9.2970207E-02)
 (0.3925517,-6.2748104E-02)
 (0.3962094,-3.2443494E-02)
 (0.3975312,-2.0963377E-03)
 (0.3965303,2.8263137E-02)
 (0.3931925,5.8604628E-02)
 (0.3874691,8.8888615E-02)
 (0.3792838,0.1190572)
 (0.3685332,0.1490238)
 (0.3550929,0.1786704)
 (0.3388202,0.2078369)
 (0.3195608,0.2363211)
 (0.2971472,0.2638680)
 (0.2714036,0.2901698)
 (0.2421458,0.3148501)
 (0.2091767,0.3374521)
 (0.1722935,0.3574232)
 (0.1312810,0.3740706)
 (8.5923605E-02,0.3865094)
 (3.6040805E-02,0.3935999)
 (-1.8448263E-02,0.3938304)
 (-7.7379182E-02,0.3851300)
 (-0.1400440,0.3648633)
 (-0.2047548,0.3298617)
 (-0.2680349,0.2765424)
 (-0.3237241,0.2023415)
 (-0.3632542,0.1084511)
 (-0.3780935,2.0069075E-03)
 (-0.3643835,-0.1045898)
 (-0.3258500,-0.1988968)
 (-0.2709477,-0.2736853)
 (-0.2082332,-0.3276743)
 (-0.1438937,-0.3633596)
 (-8.1444472E-02,-0.3842879)
 (-2.2606915E-02,-0.3936117)
 (3.1882890E-02,-0.3939570)
 (8.1838511E-02,-0.3873920)
 (0.1273258,-0.3754340)
 (0.1685122,-0.3592206)
 (0.2056047,-0.3396388)
 (0.2283236,-0.3250811)
 (0.2601193,-0.3003721)
 (0.2880826,-0.2737633)
 (0.3124016,-0.2457184)
 (0.3332702,-0.2166215)
 (0.3508825,-0.1867823)
 (0.3654269,-0.1564462)
 (0.3770792,-0.1257985)
 (0.3859972,-9.4971225E-02)
 (0.3923129,-6.4050615E-02)
 (0.3961266,-3.3084530E-02)
 (0.3974994,-2.0966288E-03)
 (0.3964529,2.8904080E-02)
 (0.3929663,5.9908412E-02)
 (0.3869780,9.0894163E-02)
 (0.3783852,0.1218140)
 (0.3670571,0.1525827)
 (0.3528338,0.1830708)
 (0.3355382,0.2130942)
 (0.3149773,0.2424099)
 (0.2909555,0.2707091)
 (0.2632751,0.2976122)
 (0.2317418,0.3226560)
 (0.1961711,0.3452778)
 (0.1563989,0.3648058)
 (0.1122940,0.3804190)
 (6.3783959E-02,0.3911000)
 (1.0914054E-02,0.3955923)
 (-4.6058241E-02,0.3923430)
 (-0.1064996,0.3794172)
 (-0.1691162,0.3545112)
 (-0.2315931,0.3152194)
 (-0.2902047,0.2594990)
 (-0.3395696,0.1866481)
 (-0.3732352,9.8834530E-02)
 (-0.3855734,2.0439234E-03)
 (-0.3742620,-9.4872668E-02)
 (-0.3415273,-0.1830395)
 (-0.2929351,-0.2564110)
 (-0.2349142,-0.3127497)
 (-0.1728545,-0.3527010)
 (-0.1105031,-0.3782673)
 (-5.0200094E-02,-0.3918327)
 (6.7359488E-03,-0.3956837)
 (5.9651230E-02,-0.3917506)
 (0.1082719,-0.3815816)
 (0.1525399,-0.3664351)
 (0.1925166,-0.3473285)
 (0.2191758,-0.3313807)
 (0.2530021,-0.3064317)
 (0.2827043,-0.2793357)
 (0.3084639,-0.2506475)
 (0.3304890,-0.2208272)
 (0.3489974,-0.1902459)
 (0.3642120,-0.1591929)
 (0.3763447,-0.1278809)
 (0.3855904,-9.6454650E-02)
 (0.3921143,-6.4997666E-02)
 (0.3960442,-3.3544987E-02)
 (0.3974547,-2.0968516E-03)
 (0.3963755,2.9364392E-02)
 (0.3927786,6.0856808E-02)
 (0.3865873,9.2380896E-02)
 (0.3776732,0.1239028)
 (0.3658716,0.1553411)
 (0.3509858,0.1865533)
 (0.3328015,0.2173288)
 (0.3110925,0.2473800)
 (0.2856371,0.2763381)
 (0.2562231,0.3037463)
 (0.2226614,0.3290516)
 (0.1847992,0.3515905)
 (0.1425351,0.3705773)
 (9.5849648E-02,0.3850841)
 (4.4841297E-02,0.3940060)
 (-1.0202697E-02,0.3960343)
 (-6.8703234E-02,0.3896525)
 (-0.1296380,0.3731422)
 (-0.1913296,0.3446676)
 (-0.2511974,0.3025412)
 (-0.3056037,0.2457412)
 (-0.3499705,0.1746329)
 (-0.3794247,9.1745406E-02)
 (-0.3900689,2.0658239E-03)
 (-0.3803749,-8.7721653E-02)
 (-0.3517998,-0.1709177)
 (-0.3081867,-0.2424930)
 (-0.2543826,-0.2998659)
 (-0.1949621,-0.3426239)
 (-0.1335734,-0.3717486)
 (-7.2815470E-02,-0.3889023)
 (-1.4384603E-02,-0.3959035)
 (4.0678699E-02,-0.3944554)
 (9.1778725E-02,-0.3860729)
 (0.1386155,-0.3720603)
 (0.1810777,-0.3535199)
 (0.2115802,-0.3363333)
 (0.2471773,-0.3111803)
 (0.2783929,-0.2836436)
 (0.3053935,-0.2543707)
 (0.3283922,-0.2239008)
 (0.3476318,-0.1926696)
 (0.3633671,-0.1610160)
 (0.3758498,-0.1291821)
 (0.3853158,-9.7324267E-02)
 (0.3919669,-6.5521538E-02)
 (0.3959589,-3.3789024E-02)
 (0.3973898,-2.0969918E-03)
 (0.3962925,2.9608268E-02)
 (0.3926364,6.1381191E-02)
 (0.3863209,9.3252376E-02)
 (0.3771926,0.1252085)
 (0.3650464,0.1571725)
 (0.3496462,0.1889908)
 (0.3307379,0.2204233)
 (0.3080612,0.2511345)
 (0.2813717,0.2806914)
 (0.2504481,0.3085552)
 (0.2151190,0.3340823)
 (0.1752745,0.3565143)
 (0.1308937,0.3749649)
 (8.2080290E-02,0.3884181)
 (2.9110681E-02,0.3957156)
 (-2.7498432E-02,0.3955552)
 (-8.6890943E-02,0.3865108)
 (-0.1477499,0.3671017)
 (-0.2081619,0.3359334)
 (-0.2654940,0.2919437)
 (-0.3163804,0.2348150)
 (-0.3569506,0.1654700)
 (-0.3834049,8.6479634E-02)
 (-0.3928834,2.0791921E-03)
 (-0.3842981,-8.2417101E-02)
 (-0.3586816,-0.1616843)
 (-0.3188463,-0.2314548)
 (-0.2685659,-0.2891190)
 (-0.2117008,-0.3337127)
 (-0.1516201,-0.3655179)
 (-9.0968445E-02,-0.3855695)
 (-3.1674154E-02,-0.3952422)
 (2.4930630E-02,-0.3959993)
 (7.7974826E-02,-0.3892609)
 (0.1269280,-0.3763241)
 (0.1715009,-0.3583423)
 (0.2057062,-0.3399969)
 (0.2428144,-0.3146129)
 (0.2753088,-0.2866335)
 (0.3033331,-0.2567953)
 (0.3271033,-0.2257225)
 (0.3468828,-0.1939207)
 (0.3629639,-0.1617797)
 (0.3756411,-0.1295747)
 (0.3851967,-9.7473189E-02)
 (0.3918757,-6.5544464E-02)
 (0.3958689,-3.3776216E-02)
 (0.3972971,-2.0969941E-03)
 (0.3962032,2.9595476E-02)
 (0.3925452,6.1404105E-02)
 (0.3862042,9.3401730E-02)
 (0.3769890,0.1256027)
 (0.3646517,0.1579399)
 (0.3489109,0.1902488)
 (0.3294680,0.2222581)
 (0.3060272,0.2535807)
 (0.2783203,0.2837126)
 (0.2461225,0.3120343)
 (0.2092842,0.3378076)
 (0.1677478,0.3601804)
 (0.1215794,0.3781823)
 (7.1011193E-02,0.3907289)
 (1.6488254E-02,0.3966329)
 (-4.1266799E-02,0.3946286)
 (-0.1011748,0.3834131)
 (-0.1617123,0.3617428)
 (-0.2208332,0.3285903)
 (-0.2759446,0.2833739)
 (-0.3239791,0.2262604)
 (-0.3616465,0.1584817)
 (-0.3859025,8.2531214E-02)
 (-0.3945461,2.0866841E-03)
 (-0.3867543,-7.8445159E-02)
 (-0.3633031,-0.1546479)
 (-0.3263529,-0.2228213)
 (-0.2789244,-0.2804404)
 (-0.2242927,-0.3262373)
 (-0.1655241,-0.3600133)
 (-0.1052188,-0.3823217)
 (-4.5432001E-02,-0.3941692)
 (1.2299329E-02,-0.3967840)
 (6.6882111E-02,-0.3914551)
 (0.1175802,-0.3794431)
 (0.1639357,-0.3619295)
 (0.2016808,-0.3424229)
 (0.2400561,-0.3167236)
 (0.2735938,-0.2882450)
 (0.3024165,-0.2578216)
 (0.3267369,-0.2261622)
 (0.3468450,-0.1938485)
 (0.3630726,-0.1613279)
 (0.3757643,-0.1289114)
 (0.3852559,-9.6775733E-02)
 (0.3918439,-6.4974718E-02)
 (0.3957642,-3.3458028E-02)
 (0.3971627,-2.0969724E-03)
 (0.3960956,2.9277232E-02)
 (0.3925085,6.0833972E-02)
 (0.3862560,9.2702746E-02)
 (0.3771047,0.1249371)
 (0.3647552,0.1574860)
 (0.3488730,0.1901767)
 (0.3291071,0.2227011)
 (0.3051213,0.2546156)
 (0.2766232,0.2853425)
 (0.2433868,0.3141727)
 (0.2052848,0.3402769)
 (0.1623146,0.3627076)
 (0.1146340,0.3804180)
 (6.2598802E-02,0.3922718)
 (6.8090712E-03,0.3970689)
 (-5.1834751E-02,0.3935909)
 (-0.1120759,0.3806650)
 (-0.1722492,0.3572702)
 (-0.2302507,0.3226785)
 (-0.2835673,0.2766620)
 (-0.3293952,0.2197081)
 (-0.3648905,0.1532189)
 (-0.3875353,7.9590321E-02)
 (-0.3955735,2.0910860E-03)
 (-0.3883561,-7.5488940E-02)
 (-0.3664902,-0.1493529)
 (-0.3316987,-0.2162135)
 (-0.2864739,-0.2736486)
 (-0.2336465,-0.3202269)
 (-0.1760131,-0.3554304)
 (-0.1160899,-0.3794596)
 (-5.5988237E-02,-0.3930208)
 (2.6162146E-03,-0.3971164)
 (5.8453981E-02,-0.3929088)
 (0.1106120,-0.3816049)
 (0.1584768,-0.3643998)
 (0.1995991,-0.3436452)
 (0.2390187,-0.3174868)
 (0.2733740,-0.2884044)
 (0.3027622,-0.2573282)
 (0.3274014,-0.2250630)
 (0.3476076,-0.1922745)
 (0.3637573,-0.1594738)
 (0.3762570,-0.1270121)
 (0.3855079,-9.5076345E-02)
 (0.3918691,-6.3698210E-02)
 (0.3956269,-3.2773495E-02)
 (0.3969653,-2.0965042E-03)
 (0.3959498,2.8592810E-02)
 (0.3925193,5.9556030E-02)
 (0.3864903,9.0999782E-02)
 (0.3775779,0.1230318)
 (0.3654223,0.1556244)
 (0.3496192,0.1885939)
 (0.3297600,0.2215944)
 (0.3054629,0.2541184)
 (0.2764051,0.2855036)
 (0.2423574,0.3149473)
 (0.2032166,0.3415213)
 (0.1590349,0.3641856)
 (0.1100593,0.3818187)
 (5.6761928E-02,0.3932377)
 (-1.1467302E-04,0.3972414)
 (-5.9519008E-02,0.3926626)
 (-0.1200526,0.3784474)
 (-0.1799499,0.3537630)
 (-0.2370863,0.3181279)
 (-0.2890394,0.2715760)
 (-0.3332297,0.2148129)
 (-0.3671438,0.1493323)
 (-0.3886351,7.7434160E-02)
 (-0.3962412,2.0939063E-03)
 (-0.3894320,-7.3322691E-02)
 (-0.3687015,-0.1454439)
 (-0.3354813,-0.2112800)
 (-0.2918923,-0.2685074)
 (-0.2404326,-0.3156049)
 (-0.1836758,-0.3518405)
 (-0.1240424,-0.3771571)
 (-6.3661695E-02,-0.3920108)
 (-4.3087923E-03,-0.3972167)
 (5.2607093E-02,-0.3938144)
 (0.1060224,-0.3829579)
 (0.1551814,-0.3658420)
 (0.1995314,-0.3436700)
 (0.2397969,-0.3168564)
 (0.2747559,-0.2870093)
 (0.3044791,-0.2551652)
 (0.3291950,-0.2222347)
 (0.3492495,-0.1889773)
 (0.3650771,-0.1559827)
 (0.3771551,-0.1236503)
 (0.3859627,-9.2178643E-02)
 (0.3919382,-6.1569020E-02)
 (0.3954330,-3.1645246E-02)
 (0.3966738,-2.0956274E-03)
 (0.3957445,2.7465433E-02)
 (0.3925669,5.7424776E-02)
 (0.3869157,8.8096224E-02)
 (0.3784391,0.1196591)
 (0.3667044,0.1521181)
 (0.3512269,0.1852785)
 (0.3315250,0.2187465)
 (0.3071584,0.2519374)
 (0.2777719,0.2840940)
 (0.2431289,0.3143083)
 (0.2031495,0.3415459)
 (0.1579386,0.3646705)
 (0.1078285,0.3824861)
 (5.3401705E-02,0.3937631)
 (-4.4705593E-03,0.3972991)
 (-6.4605020E-02,0.3919758)
 (-0.1254879,0.3768436)
 (-0.1852783,0.3512272)
 (-0.2418448,0.3148385)
 (-0.2928480,0.2679088)
 (-0.3358841,0.2112975)
 (-0.3686852,0.1465525)
 (-0.3893690,7.5897008E-02)
 (-0.3966739,2.0956597E-03)
 (-0.3901488,-7.1778923E-02)
 (-0.3702130,-0.1426493)
 (-0.3380973,-0.2077375)
 (-0.2956612,-0.2648008)
 (-0.2451559,-0.3122656)
 (-0.1889764,-0.3492490)
 (-0.1294596,-0.3754959)
 (-6.8739437E-02,-0.3912696)
 (-8.6645400E-03,-0.3972277)
 (4.9241964E-02,-0.3943048)
 (0.1037844,-0.3836021)
 (0.1540801,-0.3663175)
 (0.2015257,-0.3424679)
 (0.2424656,-0.3147494)
 (0.2778280,-0.2839218)
 (0.3076606,-0.2511387)
 (0.3322021,-0.2174321)
 (0.3518414,-0.1836765)
 (0.3670797,-0.1505562)
 (0.3784801,-0.1185332)
 (0.3866187,-8.7823853E-02)
 (0.3920265,-5.8392696E-02)
 (0.3951392,-2.9968511E-02)
 (0.3962414,-2.0940164E-03)
 (0.3954337,2.5790296E-02)
 (0.3926222,5.4246414E-02)
 (0.3875256,8.3733633E-02)
 (0.3797120,0.1145276)
 (0.3686511,0.1466699)
 (0.3537629,0.1799501)
 (0.3344806,0.2139114)
 (0.3102956,0.2478758)
 (0.2808114,0.2809733)
 (0.2457765,0.3121732)
 (0.2051315,0.3403231)
 (0.1590351,0.3641849)
 (0.1079002,0.3824808)
 (5.2413918E-02,0.3939311)
 (-6.4338753E-03,0.3973293)
 (-6.7341544E-02,0.3915980)
 (-0.1286958,0.3758773)
 (-0.1885938,0.3496194)
 (-0.2448996,0.3126920)
 (-0.2953376,0.2654761)
 (-0.3376360,0.2089436)
 (-0.3697094,0.1446827)
 (-0.3898594,7.4861020E-02)
 (-0.3969645,2.0965252E-03)
 (-0.3906286,-7.0738927E-02)
 (-0.3712170,-0.1407702)
 (-0.3398244,-0.2053664)
 (-0.2981242,-0.2623424)
 (-0.2481872,-0.3100870)
 (-0.1922741,-0.3476072)
 (-0.1326565,-0.3744955)
 (-7.1471736E-02,-0.3908633)
 (-1.0627862E-02,-0.3972375)
 (4.8252501E-02,-0.3944609)
 (0.1038560,-0.3835967)
 (0.1551816,-0.3658429)
 (0.2056094,-0.3399740)
 (0.2470769,-0.3110421)
 (0.2826534,-0.2789546)
 (0.3123714,-0.2449979)
 (0.3364829,-0.2103458)
 (0.3554297,-0.1760137)
 (0.3697877,-0.1428050)
 (0.3802239,-0.1112700)
 (0.3874336,-8.1660956E-02)
 (0.3920656,-5.3901765E-02)
 (0.3946605,-2.7597288E-02)
 (0.3955741,-2.0914201E-03)
 (0.3949302,2.3423057E-02)
 (0.3926139,4.9753517E-02)
 (0.3882748,7.7560708E-02)
 (0.3813800,0.1072456)
 (0.3712770,0.1388897)
 (0.3572704,0.1722491)
 (0.3386868,0.2067803)
 (0.3149416,0.2416851)
 (0.2855851,0.2759553)
 (0.2503482,0.3084178)
 (0.2091873,0.3377859)
 (0.1623146,0.3627072)
 (0.1102197,0.3818128)
 (5.3692795E-02,0.3937756)
 (-6.1655939E-03,0.3973698)
 (-6.7942955E-02,0.3915508)
 (-0.1299337,0.3755329)
 (-0.1901769,0.3488738)
 (-0.2465260,0.3115669)
 (-0.2967508,0.2641136)
 (-0.3386750,0.2075740)
 (-0.3703399,0.1435709)
 (-0.3901756,7.4237354E-02)
 (-0.3971627,2.0969056E-03)
 (-0.3909379,-7.0113279E-02)
 (-0.3718347,-0.1396524)
 (-0.3408483,-0.2039865)
 (-0.2995228,-0.2609656)
 (-0.2498011,-0.3089460)
 (-0.1938484,-0.3468453)
 (-0.1338902,-0.3741390)
 (-7.2071798E-02,-0.3908102)
 (-1.0359466E-02,-0.3972807)
 (4.9533390E-02,-0.3943193)
 (0.1061831,-0.3829545)
 (0.1584764,-0.3643997)
 (0.2117808,-0.3360823)
 (0.2536489,-0.3055691)
 (0.2892652,-0.2718717)
 (0.3186439,-0.2364302)
 (0.3420611,-0.2005862)
 (0.3600130,-0.1655248)
 (0.3731722,-0.1322143)
 (0.3823306,-0.1013358)
 (0.3883251,-7.3208012E-02)
 (0.3919539,-4.7722787E-02)
 (0.3938784,-2.4327124E-02)
 (0.3945461,-2.0868981E-03)
 (0.3941140,2.0159688E-02)
 (0.3924361,4.3574430E-02)
 (0.3890786,6.9097422E-02)
 (0.3833814,9.7288430E-02)
 (0.3745496,0.1282630)
 (0.3617435,0.1617121)
 (0.3441631,0.1969623)
 (0.3211251,0.2330528)
 (0.2921213,0.2688037)
 (0.2568620,0.3028761)
 (0.2153174,0.3338289)
 (0.1677475,0.3601802)
 (0.1147222,0.3804642)
 (5.7131380E-02,0.3932910)
 (-3.8135413E-03,0.3974170)
 (-6.6593960E-02,0.3918184)
 (-0.1294126,0.3757668)
 (-0.1902496,0.3489118)
 (-0.2469371,0.3113487)
 (-0.2972686,0.2636799)
 (-0.3391328,0.2070428)
 (-0.3706571,0.1430952)
 (-0.3903631,7.3957726E-02)
 (-0.3972965,2.0970104E-03)
 (-0.3911218,-6.9832996E-02)
 (-0.3721463,-0.1391744)
 (-0.3412989,-0.2034509)
 (-0.3000355,-0.2605270)
 (-0.2502087,-0.3087239)
 (-0.1939209,-0.3468835)
 (-0.1333710,-0.3743793)
 (-7.0724830E-02,-0.3910917)
 (-8.0077806E-03,-0.3973533)
 (5.2976973E-02,-0.3938703)
 (0.1106995,-0.3816530)
 (0.1639353,-0.3619298)
 (0.2200028,-0.3306500)
 (0.2621581,-0.2981225)
 (0.2976415,-0.2623848)
 (0.3264512,-0.2250513)
 (0.3488868,-0.1876618)
 (0.3655184,-0.1516205)
 (0.3771336,-0.1181164)
 (0.3846676,-8.8025674E-02)
 (0.3891216,-6.1795600E-02)
 (0.3914696,-3.9318718E-02)
 (0.3925346,-1.9855257E-02)
 (0.3928843,-2.0793637E-03)
 (0.3927233,1.5699409E-02)
 (0.3918636,3.5173781E-02)
 (0.3897545,5.7675786E-02)
 (0.3855771,8.3953060E-02)
 (0.3783622,0.1141232)
 (0.3671017,0.1477502)
 (0.3508516,0.1839663)
 (0.3288120,0.2215923)
 (0.3003974,0.2592291)
 (0.2652926,0.2953400)
 (0.2234820,0.3283108)
 (0.1752746,0.3565145)
 (0.1213223,0.3783768)
 (6.2616684E-02,0.3924409)
 (4.8097013E-04,0.3974383)
 (-6.3458301E-02,0.3923568)
 (-0.1273117,0.3765181)
 (-0.1889917,0.3496473)
 (-0.2462980,0.3119282)
 (-0.2970305,0.2640542)
 (-0.3391096,0.2072309)
 (-0.3707238,0.1431606)
 (-0.3904535,7.3968723E-02)
 (-0.3973898,2.0968171E-03)
 (-0.3912124,-6.9844171E-02)
 (-0.3722143,-0.1392401)
 (-0.3412780,-0.2036407)
 (-0.2998002,-0.2609048)
 (-0.2495757,-0.3093117)
 (-0.1926698,-0.3476316)
 (-0.1312776,-0.3751535)
 (-6.7594953E-02,-0.3916638)
 (-3.7131642E-03,-0.3974196)
 (5.8471471E-02,-0.3930780)
 (0.1173215,-0.3796336)
 (0.1715009,-0.3583428)
 (0.2301882,-0.3235070)
 (0.2725192,-0.2884603)
 (0.3076863,-0.2501585)
 (0.3356696,-0.2104095)
 (0.3568045,-0.1709901)
 (0.3717487,-0.1335741)
 (0.3814089,-9.9642143E-02)
 (0.3868828,-7.0369624E-02)
 (0.3893892,-4.6453383E-02)
 (0.3901261,-2.7881458E-02)
 (0.3901176,-1.3716109E-02)
 (0.3900692,-2.0660502E-03)
 (0.3902415,9.5831333E-03)
 (0.3904002,2.3748837E-02)
 (0.3898602,4.2329505E-02)
 (0.3876067,6.6272944E-02)
 (0.3824429,9.5604047E-02)
 (0.3731419,0.1296383)
 (0.3585919,0.1672114)
 (0.3378747,0.2068532)
 (0.3103120,0.2468970)
 (0.2755504,0.2855688)
 (0.2335906,0.3210601)
 (0.1847989,0.3515907)
 (0.1299095,0.3754681)
 (7.0022002E-02,0.3911635)
 (6.5751038E-03,0.3973770)
 (-5.8691047E-02,0.3931048)
 (-0.1237882,0.3777103)
 (-0.1865535,0.3509864)
 (-0.2447424,0.3131991)
 (-0.2961398,0.2651229)
 (-0.3386816,0.2080351)
 (-0.3705852,0.1436858)
 (-0.3904686,7.4225545E-02)
 (-0.3974539,2.0969964E-03)
 (-0.3912306,-7.0101686E-02)
 (-0.3720809,-0.1397679)
 (-0.3408580,-0.2044503)
 (-0.2989212,-0.2619841)
 (-0.2480330,-0.3105991)
 (-0.1902461,-0.3489978)
 (-0.1277659,-0.3763819)
 (-6.2835306E-02,-0.3924609)
 (2.3816791E-03,-0.3974224)
 (6.5890096E-02,-0.3918783)
 (0.1259396,-0.3768159)
 (0.1810775,-0.3535206)
 (0.2421818,-0.3144691)
 (0.2845569,-0.2763236)
 (0.3191891,-0.2348300)
 (0.3460401,-0.1920091)
 (0.3654880,-0.1499040)
 (0.3782680,-0.1105039)
 (0.3854215,-7.5679839E-02)
 (0.3883060,-4.7067933E-02)
 (0.3884460,-2.5827603E-02)
 (0.3872919,-1.2247551E-02)
 (0.3860649,-5.2266298E-03)
 (0.3855734,-2.0442568E-03)
 (0.3860995,1.1336546E-03)
 (0.3874012,8.1428848E-03)
 (0.3886990,2.1712406E-02)
 (0.3887842,4.2956136E-02)
 (0.3862023,7.1599491E-02)
 (0.3794167,0.1065000)
 (0.3670530,0.1460349)
 (0.3480492,0.1883443)
 (0.3216518,0.2314479)
 (0.2874590,0.2733058)
 (0.2454882,0.3118973)
 (0.1961713,0.3452793)
 (0.1403359,0.3716406)
 (7.9196431E-02,0.3893770)
 (1.4316105E-02,0.3971580)
 (-5.2444771E-02,0.3939843)
 (-0.1189896,0.3792582)
 (-0.1830709,0.3528342)
 (-0.2423854,0.3150589)
 (-0.2946868,0.2667844)
 (-0.3379067,0.2093625)
 (-0.3702732,0.1446008)
 (-0.3904248,7.4690320E-02)
 (-0.3974992,2.0965585E-03)
 (-0.3911912,-7.0567615E-02)
 (-0.3717788,-0.1406868)
 (-0.3400962,-0.2057864)
 (-0.2974848,-0.2636611)
 (-0.2456951,-0.3124839)
 (-0.1867826,-0.3508830)
 (-0.1229835,-0.3779805)
 (-5.6597821E-02,-0.3934069)
 (1.0125298E-02,-0.3972854)
 (7.5083844E-02,-0.3901902)
 (0.1364060,-0.3730989)
 (0.1925159,-0.3473282)
 (0.2557426,-0.3033661)
 (0.2979844,-0.2614736)
 (0.3317962,-0.2160603)
 (0.3571178,-0.1693678)
 (0.3743490,-0.1237120)
 (0.3842886,-8.1445634E-02)
 (0.3882207,-4.4947408E-02)
 (0.3878908,-1.6499436E-02)
 (0.3851140,1.9348196E-03)
 (0.3816434,9.3236696E-03)
 (0.3790379,6.7159072E-03)
 (0.3780940,-2.0074022E-03)
 (0.3789466,-1.0738935E-02)
 (0.3815246,-1.3370886E-02)
 (0.3850752,-6.0151708E-03)
 (0.3880459,1.2392582E-02)
 (0.3886773,4.0839113E-02)
 (0.3851299,7.7379674E-02)
 (0.3756363,0.1197511)
 (0.3588886,0.1655883)
 (0.3340604,0.2125467)
 (0.3007285,0.2583154)
 (0.2589302,0.3006520)
 (0.2091764,0.3374523)
 (0.1524058,0.3667942)
 (8.9956984E-02,0.3869964)
 (2.3531202E-02,0.3966972)
 (-4.4879634E-02,0.3949080)
 (-0.1130621,0.3810682)
 (-0.1786701,0.3550929)
 (-0.2393293,0.3174056)
 (-0.2927482,0.2689411)
 (-0.3368359,0.2111283)
 (-0.3698163,0.1458429)
 (-0.3903347,7.5329483E-02)
 (-0.3975309,2.0962958E-03)
 (-0.3911063,-7.1208775E-02)
 (-0.3713345,-0.1419346)
 (-0.3390436,-0.2075640)
 (-0.2955687,-0.2658387)
 (-0.2426635,-0.3148632)
 (-0.1824053,-0.3531887)
 (-0.1170749,-0.3798536)
 (-4.9042422E-02,-0.3944118)
 (1.9345487E-02,-0.3969229)
 (8.5869640E-02,-0.3879224)
 (0.1485274,-0.3683797)
 (0.2056044,-0.3396393)
 (0.2705264,-0.2900719)
 (0.3123825,-0.2437392)
 (0.3449848,-0.1936068)
 (0.3682216,-0.1421183)
 (0.3824679,-9.1851063E-02)
 (0.3886157,-4.5551702E-02)
 (0.3882953,-6.1448179E-03)
 (0.3835541,2.3277516E-02)
 (0.3764628,3.9397523E-02)
 (0.3696829,3.9647505E-02)
 (0.3656088,2.4188399E-02)
 (0.3643729,-1.9387645E-03)
 (0.3653342,-2.8075106E-02)
 (0.3692451,-4.3571088E-02)
 (0.3760269,-4.3386575E-02)
 (0.3832893,-2.7336888E-02)
 (0.3883416,2.0382311E-03)
 (0.3890783,4.1442946E-02)
 (0.3834192,8.7807164E-02)
 (0.3697040,0.1382243)
 (0.3470107,0.1899563)
 (0.3149384,0.2404310)
 (0.2735729,0.2872032)
 (0.2235245,0.3280162)
 (0.1658652,0.3608429)
 (0.1020808,0.3839388)
 (3.4022089E-02,0.3959137)
 (-3.6172673E-02,0.3957897)
 (-0.1061585,0.3830459)
 (-0.1734794,0.3576621)
 (-0.2356757,0.3201399)
 (-0.2903967,0.2714988)
 (-0.3355160,0.2132524)
 (-0.3692388,0.1473526)
 (-0.3902031,7.6111346E-02)
 (-0.3975528,2.0959284E-03)
 (-0.3909848,-7.1992964E-02)
 (-0.3707719,-0.1434508)
 (-0.3377460,-0.2097022)
 (-0.2932428,-0.2684209)
 (-0.2390379,-0.3176363)
 (-0.1772407,-0.3558121)
 (-0.1101911,-0.3819042)
 (-4.0344253E-02,-0.3953847)
 (2.9844850E-02,-0.3962494)
 (9.8025814E-02,-0.3849926)
 (0.1620495,-0.3625703)
 (0.2200511,-0.3303543)
 (0.2860855,-0.2745547)
 (0.3271977,-0.2230921)
 (0.3580519,-0.1674296)
 (0.3784262,-0.1101782)
 (0.3886021,-5.4145213E-02)
 (0.3895624,-2.4183460E-03)
 (0.3831819,4.1634299E-02)
 (0.3715729,7.3970363E-02)
 (0.3576301,8.9389861E-02)
 (0.3464463,8.2868204E-02)
 (0.3414298,5.1009089E-02)
 (0.3403782,-1.8173400E-03)
 (0.3408694,-5.4646946E-02)
 (0.3455509,-8.6547598E-02)
 (0.3566673,-9.3178146E-02)
 (0.3707737,-7.7899605E-02)
 (0.3827234,-4.5683067E-02)
 (0.3895686,-1.6966379E-03)
 (0.3891555,5.0040230E-02)
 (0.3795699,0.1061793)
 (0.3598006,0.1636435)
 (0.3295344,0.2196299)
 (0.2889677,0.2715244)
 (0.2388441,0.3169338)
 (0.1804025,0.3537400)
 (0.1153004,0.3801430)
 (4.5558680E-02,0.3947319)
 (-2.6518978E-02,0.3965416)
 (-9.8441385E-02,0.3850958)
 (-0.1676292,0.3604421)
 (-0.2315235,0.3231619)
 (-0.2877018,0.2743647)
 (-0.3339893,0.2156564)
 (-0.3685623,0.1490733)
 (-0.3900427,7.7006489E-02)
 (-0.3975662,2.0956323E-03)
 (-0.3908327,-7.2890371E-02)
 (-0.3701127,-0.1451792)
 (-0.3362437,-0.2121228)
 (-0.2905785,-0.2713162)
 (-0.2349172,-0.3207023)
 (-0.1714192,-0.3586529)
 (-0.1024958,-0.3840369)
 (-3.0698348E-02,-0.3962393)
 (4.1394051E-02,-0.3951895)
 (0.1112850,-0.3813363)
 (0.1766620,-0.3556208)
 (0.2354883,-0.3194340)
 (0.3018875,-0.2569222)
 (0.3417724,-0.1997153)
 (0.3701649,-0.1378077)
 (0.3866426,-7.3945828E-02)
 (0.3912936,-1.1122827E-02)
 (0.3850509,4.7354877E-02)
 (0.3697388,9.7848609E-02)
 (0.3474403,0.1354534)
 (0.3227246,0.1534401)
 (0.3036345,0.1436827)
 (0.2938468,9.2808560E-02)
 (0.2907584,-1.5636323E-03)
 (0.2928468,-9.5952585E-02)
 (0.3020995,-0.1469090)
 (0.3210884,-0.1568547)
 (0.3459936,-0.1391222)
 (0.3686883,-0.1017497)
 (0.3845327,-5.1417112E-02)
 (0.3913906,6.9938456E-03)
 (0.3874020,6.9863483E-02)
 (0.3715988,0.1338966)
 (0.3438610,0.1961014)
 (0.3045803,0.2537256)
 (0.2546960,0.3042566)
 (0.1956493,0.3454926)
 (0.1293045,0.3755828)
 (5.7880014E-02,0.3930973)
 (-1.6136518E-02,0.3970895)
 (-9.0089530E-02,0.3871308)
 (-0.1612600,0.3633351)
 (-0.2269781,0.3263730)
 (-0.2847356,0.2774493)
 (-0.3322995,0.2182643)
 (-0.3678064,0.1509497)
 (-0.3898571,7.7985868E-02)
 (-0.3975755,2.0954816E-03)
 (-0.3906575,-7.3872365E-02)
 (-0.3693770,-0.1470646)
 (-0.3345811,-0.2147491)
 (-0.2876442,-0.2744322)
 (-0.2304052,-0.3239620)
 (-0.1650803,-0.3616147)
 (-9.4164833E-02,-0.3861588)
 (-2.0321250E-02,-0.3968970)
 (5.3733081E-02,-0.3936860)
 (0.1253374,-0.3769238)
 (0.1919958,-0.3475353)
 (0.2514725,-0.3069237)
 (0.3173513,-0.2374490)
 (0.3554094,-0.1740527)
 (0.3804696,-0.1054205)
 (0.3918105,-3.4443941E-02)
 (0.3891899,3.5708167E-02)
 (0.3732320,0.1015682)
 (0.3453129,0.1593268)
 (0.3071040,0.2036919)
 (0.2635145,0.2277654)
 (0.2218983,0.2201102)
 (0.1863875,0.1497174)
 (0.1695225,-9.3443959E-04)
 (0.1847993,-0.1517343)
 (0.2195657,-0.2224673)
 (0.2611011,-0.2305465)
 (0.3049436,-0.2069264)
 (0.3436171,-0.1629625)
 (0.3721430,-0.1054991)
 (0.3887928,-3.9809477E-02)
 (0.3921537,3.0311618E-02)
 (0.3815604,0.1014044)
 (0.3572249,0.1702973)
 (0.3198369,0.2340918)
 (0.2705954,0.2901514)
 (0.2111986,0.3361822)
 (0.1437514,0.3702767)
 (7.0698798E-02,0.3909850)
 (-5.2627409E-03,0.3973782)
 (-8.1294321E-02,0.3890698)
 (-0.1545213,0.3662511)
 (-0.2221487,0.3296810)
 (-0.2815728,0.2806628)
 (-0.3304902,0.2210007)
 (-0.3669936,0.1529278)
 (-0.3896542,7.9020672E-02)
 (-0.3975809,2.0949997E-03)
 (-0.3904656,-7.4910000E-02)
 (-0.3685853,-0.1490521)
 (-0.3327999,-0.2175057)
 (-0.2845150,-0.2776802)
 (-0.2256100,-0.3273208)
 (-0.1583719,-0.3646010)
 (-8.5389428E-02,-0.3881898)
 (-9.4501060E-03,-0.3972986)
 (6.6574410E-02,-0.3917075)
 (0.1398407,-0.3717696)
 (0.2076434,-0.3383881)
 (0.2675218,-0.2929870)
 (0.3319151,-0.2165902)
 (0.3674706,-0.1468076)
 (0.3882550,-7.1340889E-02)
 (0.3931751,6.7048436E-03)
 (0.3815372,8.3892345E-02)
 (0.3534086,0.1564492)
 (0.3093458,0.2201767)
 (0.2497490,0.2693356)
 (0.1768906,0.2968328)
 (9.3359351E-02,0.2881826)
 (7.0294393E-03,0.1987233)
 (-3.6675479E-02,1.4839825E-04)
 (4.9500447E-03,-0.1988483)
 (9.0330765E-02,-0.2891747)
 (0.1737629,-0.2986899)
 (0.2469040,-0.2719567)
 (0.3070124,-0.2234251)
 (0.3517425,-0.1601646)
 (0.3806341,-8.7907948E-02)
 (0.3930849,-1.0846709E-02)
 (0.3889875,6.7246571E-02)
 (0.3689984,0.1429285)
 (0.3341801,0.2130821)
 (0.2860591,0.2749029)
 (0.2266309,0.3259692)
 (0.1582804,0.3642969)
 (8.3710738E-02,0.3884045)
 (5.8495430E-03,0.3973680)
 (-7.2260045E-02,0.3908483)
 (-0.1475718,0.3691068)
 (-0.2171519,0.3329946)
 (-0.2782907,0.2839192)
 (-0.3286090,0.2237923)
 (-0.3661457,0.1549532)
 (-0.3894405,8.0082908E-02)
 (-0.3975840,2.0946134E-03)
 (-0.3902622,-7.5975202E-02)
 (-0.3677580,-0.1510868)
 (-0.3309480,-0.2203168)
 (-0.2812663,-0.2809710)
 (-0.2206479,-0.3306877)
 (-0.1514522,-0.3675303)
 (-7.6373689E-02,-0.3900642)
 (1.6627137E-03,-0.3974051)
 (7.9614006E-02,-0.3892636)
 (0.1544335,-0.3659435)
 (0.2231835,-0.3283376)
 (0.2831447,-0.2778997)
 (0.3451103,-0.1949452)
 (0.3774886,-0.1188805)
 (0.3931208,-3.6902327E-02)
 (0.3905231,4.7535315E-02)
 (0.3685564,0.1305297)
 (0.3266914,0.2076703)
 (0.2647581,0.2738060)
 (0.1821838,0.3216761)
 (7.9543307E-02,0.3417012)
 (-4.0765151E-02,0.3175606)
 (-0.1621719,0.2100020)
 (-0.2210137,1.1256246E-03)
 (-0.1643499,-0.2083356)
 (-4.4082589E-02,-0.3171335)
 (7.5957112E-02,-0.3425266)
 (0.1787971,-0.3235797)
 (0.2618660,-0.2765782)
 (0.3244900,-0.2110985)
 (0.3671639,-0.1344031)
 (0.3900027,-5.1644523E-02)
 (0.3934894,3.2760657E-02)
 (0.3787215,0.1148987)
 (0.3471453,0.1913001)
 (0.3006456,0.2589012)
 (0.2415452,0.3150936)
 (0.1725374,0.3577750)
 (9.6608043E-02,0.3854036)
 (1.6941244E-02,0.3970522)
 (-6.3198067E-02,0.3924173)
 (-0.1405762,0.3718287)
 (-0.2121089,0.3362297)
 (-0.2749721,0.2871349)
 (-0.3267032,0.2265659)
 (-0.3652834,0.1569728)
 (-0.3892200,8.1143439E-02)
 (-0.3975843,2.0941684E-03)
 (-0.3900531,-7.7038944E-02)
 (-0.3669178,-0.1531164)
 (-0.3290705,-0.2231113)
 (-0.2779818,-0.2842226)
 (-0.2156389,-0.3339769)
 (-0.1444850,-0.3703264)
 (-6.7327909E-02,-0.3917289)
 (1.2757857E-02,-0.3972071)
 (9.2543028E-02,-0.3863989)
 (0.1687588,-0.3595708)
 (0.2382123,-0.3176192)
 (0.2979000,-0.2620516)
 (0.3566102,-0.1731915)
 (0.3852359,-9.1243789E-02)
 (0.3950497,-3.4733051E-03)
 (0.3842568,8.6154222E-02)
 (0.3514356,0.1730463)
 (0.2957688,0.2518340)
 (0.2170814,0.3160459)
 (0.1155670,0.3565788)
 (-6.0300366E-03,0.3610039)
 (-0.1389652,0.3138225)
 (-0.2590924,0.1935987)
 (-0.3124776,1.6165650E-03)
 (-0.2610944,-0.1909025)
 (-0.1422363,-0.3123627)
 (-9.8102307E-03,-0.3609285)
 (0.1118204,-0.3577771)
 (0.2137515,-0.3183131)
 (0.2931070,-0.2549323)
 (0.3495977,-0.1767345)
 (0.3833296,-9.0193242E-02)
 (0.3950656,-6.8500492E-04)
 (0.3861773,8.7183923E-02)
 (0.3584153,0.1694279)
 (0.3140006,0.2426085)
 (0.2555886,0.3038539)
 (0.1861905,0.3508852)
 (0.1090936,0.3820699)
 (2.7755061E-02,0.3964502)
 (-5.4321755E-02,0.3937482)
 (-0.1337034,0.3743577)
 (-0.2071445,0.3393111)
 (-0.2717012,0.2902315)
 (-0.3248220,0.2292508)
 (-0.3644316,0.1589337)
 (-0.3890002,8.2174793E-02)
 (-0.3975809,2.0935982E-03)
 (-0.3898450,-7.8073375E-02)
 (-0.3660856,-0.1550867)
 (-0.3272184,-0.2258176)
 (-0.2747423,-0.2873536)
 (-0.2107065,-0.3371102)
 (-0.1376380,-0.3729278)
 (-5.8464997E-02,-0.3931528)
 (2.3578219E-02,-0.3967195)
 (0.1050637,-0.3831971)
 (0.1824845,-0.3528255)
 (0.2523738,-0.3065264)
 (0.3114271,-0.2459003)
 (0.3662623,-0.1520081)
 (0.3907380,-6.4807996E-02)
 (0.3943895,2.7771112E-02)
 (0.3752537,0.1211193)
 (0.3319271,0.2098154)
 (0.2638133,0.2874235)
 (0.1715732,0.3462669)
 (5.7536293E-02,0.3764358)
 (-7.1894005E-02,0.3652402)
 (-0.2022039,0.3002703)
 (-0.3072411,0.1747054)
 (-0.3499624,1.8209205E-03)
 (-0.3090477,-0.1714960)
 (-0.2053315,-0.2981449)
 (-7.5714625E-02,-0.3644718)
 (5.3586245E-02,-0.3770227)
 (0.1679292,-0.3480515)
 (0.2607804,-0.2901817)
 (0.3297046,-0.2132951)
 (0.3739615,-0.1250603)
 (0.3940783,-3.1919174E-02)
 (0.3914013,6.0693130E-02)
 (0.3678429,0.1481454)
 (0.3258845,0.2265164)
 (0.2684801,0.2925850)
 (0.1989522,0.3438422)
 (0.1208945,0.3785208)
 (3.8045622E-02,0.3956079)
 (-4.5840599E-02,0.3948316)
 (-0.1271212,0.3766450)
 (-0.2023859,0.3421699)
 (-0.2685635,0.2931321)
 (-0.3230157,0.2317783)
 (-0.3636119,0.1607841)
 (-0.3887868,8.3149068E-02)
 (-0.3975738,2.0931615E-03)
 (-0.3896400,-7.9050772E-02)
 (-0.3652859,-0.1569469)
 (-0.3254390,-0.2283647)
 (-0.2716352,-0.2902876)
 (-0.2059779,-0.3400203)
 (-0.1310801,-0.3752857)
 (-4.9995113E-02,-0.3943264)
 (3.3878099E-02,-0.3959841)
 (0.1169024,-0.3797720)
 (0.1953209,-0.3459178)
 (0.2653847,-0.2953943)
 (0.3234813,-0.2299331)
 (0.3740761,-0.1320013)
 (0.3942312,-4.0311906E-02)
 (0.3917247,5.5999972E-02)
 (0.3646064,0.1516217)
 (0.3117968,0.2403060)
 (0.2333999,0.3147104)
 (0.1314145,0.3663611)
 (1.0604139E-02,0.3855907)
 (-0.1196854,0.3617992)
 (-0.2427995,0.2867659)
 (-0.3346781,0.1612130)
 (-0.3698837,1.9305298E-03)
 (-0.3363440,-0.1577094)
 (-0.2457866,-0.2842131)
 (-0.1234685,-0.3605292)
 (6.5604812E-03,-0.3856830)
 (0.1275629,-0.3677233)
 (0.2300827,-0.3171469)
 (0.3092557,-0.2435712)
 (0.3629937,-0.1554476)
 (0.3911154,-6.0117267E-02)
 (0.3946354,3.6162529E-02)
 (0.3754460,0.1280584)
 (0.3361797,0.2110937)
 (0.2800249,0.2816325)
 (0.2105920,0.3368806)
 (0.1317714,0.3748970)
 (4.7586441E-02,0.3945866)
 (-3.7955206E-02,0.3956745)
 (-0.1209974,0.3786586)
 (-0.1979600,0.3447467)
 (-0.2656482,0.2957685)
 (-0.3213391,0.2340829)
 (-0.3628495,0.1624723)
 (-0.3885829,8.4037744E-02)
 (-0.3975618,2.0925808E-03)
 (-0.3894469,-7.9942681E-02)
 (-0.3645407,-0.1586437)
 (-0.3237869,-0.2306873)
 (-0.2687469,-0.2929552)
 (-0.2015776,-0.3426422)
 (-0.1249764,-0.3773624)
 (-4.2118337E-02,-0.3952517)
 (4.3430027E-02,-0.3950651)
 (0.1278178,-0.3762621)
 (0.2070338,-0.3390780)
 (0.2770450,-0.2845638)
 (0.3339381,-0.2146191)
 (0.3801953,-0.1136591)
 (0.3960799,-1.8272286E-02)
 (0.3877247,8.0760062E-02)
 (0.3533599,0.1774424)
 (0.2924456,0.2648180)
 (0.2060682,0.3349605)
 (9.7683534E-02,0.3791423)
 (-2.5918033E-02,0.3884429)
 (-0.1535315,0.3549251)
 (-0.2685982,0.2744393)
 (-0.3506236,0.1513465)
 (-0.3810941,1.9924333E-03)
 (-0.3521883,-0.1476710)
 (-0.2714564,-0.2716131)
 (-0.1572422,-0.3532990)
 (-2.9990284E-02,-0.3881514)
 (9.3699440E-02,-0.3801483)
 (0.2025402,-0.3371083)
 (0.2896481,-0.2678777)
 (0.3514764,-0.1811477)
 (0.3868551,-8.4833294E-02)
 (0.3962516,1.4105430E-02)
 (0.3813720,0.1096536)
 (0.3448716,0.1967559)
 (0.2901070,0.2713224)
 (0.2209339,0.3302360)
 (0.1415227,0.3713508)
 (5.6172982E-02,0.3934680)
 (-3.0854398E-02,0.3962952)
 (-0.1154912,0.3803718)
 (-0.1939918,0.3469867)
 (-0.2630422,0.2980730)
 (-0.3198432,0.2360985)
 (-0.3621677,0.1639474)
 (-0.3883964,8.4813818E-02)
 (-0.3975434,2.0919833E-03)
 (-0.3892677,-8.0721073E-02)
 (-0.3638728,-0.1601263)
 (-0.3223110,-0.2327191)
 (-0.2661647,-0.2952879)
 (-0.1976331,-0.3449252)
 (-0.1194879,-0.3791349)
 (-3.5023782E-02,-0.3959490)
 (5.2028690E-02,-0.3940365)
 (0.1376068,-0.3728177)
 (0.2174456,-0.3325417)
 (0.2872349,-0.2743592)
 (0.3427815,-0.2003732)
 (0.3848364,-9.7333252E-02)
 (0.3967015,1.0121169E-03)
 (0.3830294,0.1019172)
 (0.3423582,0.1987795)
 (0.2747949,0.2840974)
 (0.1824689,0.3496709)
 (7.0162378E-02,0.3870010)
 (-5.3934105E-02,0.3881970)
 (-0.1777276,0.3475707)
 (-0.2855135,0.2640076)
 (-0.3600785,0.1438068)
 (-0.3873013,2.0274220E-03)
 (-0.3615654,-0.1400281)
 (-0.2882642,-0.2610020)
 (-0.1813613,-0.3456878)
 (-5.8003373E-02,-0.3876111)
 (6.6096872E-02,-0.3877170)
 (0.1787877,-0.3515690)
 (0.2717964,-0.2869702)
 (0.3402522,-0.2023679)
 (0.3819379,-0.1059392)
 (0.3966694,-5.1838164E-03)
 (0.3858407,9.3280673E-02)
 (0.3520262,0.1838404)
 (0.2986782,0.2619447)
 (0.2298560,0.3241325)
 (0.1499841,0.3680375)
 (6.3625753E-02,0.3923422)
 (-2.4713423E-02,0.3967256)
 (-0.1107585,0.3817696)
 (-0.1906065,0.3488430)
 (-0.2608357,0.2999822)
 (-0.3185825,0.2377601)
 (-0.3615895,0.1651570)
 (-0.3882292,8.5447446E-02)
 (-0.3975148,2.0917931E-03)
 (-0.3891075,-8.1357136E-02)
 (-0.3633077,-0.1613428)
 (-0.3210666,-0.2343945)
 (-0.2639779,-0.2972214)
 (-0.1942666,-0.3468178)
 (-0.1147694,-0.3805819)
 (-2.8886890E-02,-0.3964436)
 (5.9493616E-02,-0.3929886)
 (0.1461030,-0.3695940)
 (0.2264322,-0.3265325)
 (0.2959053,-0.2650715)
 (0.3500724,-0.1875332)
 (0.3882519,-8.3250150E-02)
 (0.3964996,1.7420601E-02)
 (0.3781756,0.1195574)
 (0.3322005,0.2160555)
 (0.2593473,0.2990341)
 (0.1626979,0.3602287)
 (4.8129331E-02,0.3916271)
 (-7.5287618E-02,0.3864882)
 (-0.1952589,0.3409005)
 (-0.2971478,0.2556990)
 (-0.3662196,0.1381239)
 (-0.3911659,2.0495814E-03)
 (-0.3676465,-0.1342776)
 (-0.2998126,-0.2525694)
 (-0.1988237,-0.3388340)
 (-7.9338968E-02,-0.3856777)
 (4.4015575E-02,-0.3921114)
 (0.1589065,-0.3619193)
 (0.2561917,-0.3017430)
 (0.3299132,-0.2195359)
 (0.3768994,-0.1235271)
 (0.3962967,-2.1589261E-02)
 (0.3891074,7.9162553E-02)
 (0.3577590,0.1726054)
 (0.3057421,0.2537443)
 (0.2372799,0.3187775)
 (0.1570235,0.3651070)
 (6.9784775E-02,0.3912978)
 (-1.9696562E-02,0.3970011)
 (-0.1069495,0.3828389)
 (-0.1879272,0.3502687)
 (-0.2591172,0.3014304)
 (-0.3176118,0.2390015)
 (-0.3611408,0.1660478)
 (-0.3880866,8.5908987E-02)
 (-0.3974752,2.0910562E-03)
 (-0.3889697,-8.1821166E-02)
 (-0.3628677,-0.1622387)
 (-0.3201081,-0.2356463)
 (-0.2622738,-0.2986874)
 (-0.1916015,-0.3482708)
 (-0.1109715,-0.3816916)
 (-2.3872236E-02,-0.3967711)
 (6.5664023E-02,-0.3920096)
 (0.1531731,-0.3667383)
 (0.2339132,-0.3212563)
 (0.3030552,-0.2569457)
 (0.3559224,-0.1763585)
 (0.3906879,-7.1532294E-02)
 (0.3958278,3.0959096E-02)
 (0.3735760,0.1338936)
 (0.3232622,0.2297655)
 (0.2462916,0.3104576)
 (0.1465543,0.3677782)
 (3.0756243E-02,0.3942537)
 (-9.1486469E-02,0.3842098)
 (-0.2080073,0.3351353)
 (-0.3052215,0.2491210)
 (-0.3702216,0.1337994)
 (-0.3935336,2.0633666E-03)
 (-0.3716055,-0.1299093)
 (-0.3078186,-0.2459056)
 (-0.2115127,-0.3329351)
 (-9.5514491E-02,-0.3832293)
 (2.6615227E-02,-0.3945562)
 (0.1426836,-0.3692991)
 (0.2430167,-0.3130293)
 (0.3208306,-0.2331510)
 (0.3721479,-0.1378137)
 (0.3954809,-3.5119452E-02)
 (0.3914195,6.7420058E-02)
 (0.3622066,0.1632362)
 (0.3113346,0.2469218)
 (0.2431571,0.3143494)
 (0.1625318,0.3626980)
 (7.4505351E-02,0.3904220)
 (-1.5960399E-02,0.3971540)
 (-0.1042133,0.3835666)
 (-0.1860800,0.3512140)
 (-0.2579795,0.3023491)
 (-0.3169854,0.2397488)
 (-0.3608462,0.1665597)
 (-0.3879714,8.6165592E-02)
 (-0.3974175,2.0903056E-03)
 (-0.3888576,-8.2079843E-02)
 (-0.3625788,-0.1627550)
 (-0.3194910,-0.2364024)
 (-0.2611459,-0.2996191)
 (-0.1897641,-0.3492376)
 (-0.1082418,-0.3824485)
 (-2.0137131E-02,-0.3969623)
 (7.0394054E-02,-0.3911828)
 (0.1587069,-0.3643876)
 (0.2398363,-0.3168885)
 (0.3087186,-0.2501822)
 (0.3604685,-0.1670361)
 (0.3923645,-6.2227450E-02)
 (0.3949666,4.1710962E-02)
 (0.3695237,0.1451931)
 (0.3157524,0.2403955)
 (0.2356234,0.3190624)
 (0.1336928,0.3731506)
 (1.7269377E-02,0.3957068)
 (-0.1037174,0.3819349)
 (-0.2173334,0.3303814)
 (-0.3108894,0.2439724)
 (-0.3728293,0.1304956)
 (-0.3949367,2.0718533E-03)
 (-0.3741781,-0.1265763)
 (-0.3134330,-0.2406960)
 (-0.2207893,-0.3280819)
 (-0.1077221,-0.3808264)
 (1.3112840E-02,-0.3958680)
 (0.1297657,-0.3745356)
 (0.2322585,-0.3215209)
 (0.3132083,-0.2437011)
 (0.3679770,-0.1490697)
 (0.3945071,-4.5861471E-02)
 (0.3929985,5.8098439E-02)
 (0.3655031,0.1558551)
 (0.3154985,0.2416315)
 (0.2474510,0.3109984)
 (0.1664117,0.3609329)
 (7.7651188E-02,0.3897932)
 (-1.3659129E-02,0.3972122)
 (-0.1027000,0.3839327)
 (-0.1851943,0.3516244)
 (-0.2575198,0.3026600)
 (-0.3167662,0.2399228)
 (-0.3607298,0.1666263)
 (-0.3878853,8.6179689E-02)
 (-0.3973351,2.0891747E-03)
 (-0.3887704,-8.2095645E-02)
 (-0.3624629,-0.1628239)
 (-0.3192717,-0.2365782)
 (-0.2606890,-0.2999348)
 (-0.1888814,-0.3496556)
 (-0.1067322,-0.3828303)
 (-1.7836042E-02,-0.3970436)
 (7.3546648E-02,-0.3905865)
 (0.1626055,-0.3626624)
 (0.2441659,-0.3135832)
 (0.3129393,-0.2449365)
 (0.3638431,-0.1596901)
 (0.3934618,-5.5334412E-02)
 (0.3941280,4.9797229E-02)
 (0.3662069,0.1537285)
 (0.3097599,0.2483785)
 (0.2272395,0.3254032)
 (0.1237389,0.3769311)
 (7.0097456E-03,0.3964703)
 (-0.1128486,0.3799276)
 (-0.2241556,0.3266227)
 (-0.3149304,0.2400386)
 (-0.3746018,0.1280120)
 (-0.3958274,2.0774098E-03)
 (-0.3759250,-0.1240728)
 (-0.3174335,-0.2367197)
 (-0.2275737,-0.3242514)
 (-0.1168330,-0.3787222)
 (2.8445730E-03,-0.3965218)
 (0.1197724,-0.3782111)
 (0.2238077,-0.3277732)
 (0.3071324,-0.2516209)
 (0.3645713,-0.1575705)
 (0.3935842,-5.3938437E-02)
 (0.3940234,5.1194660E-02)
 (0.3677672,0.1505411)
 (0.3182769,0.2379928)
 (0.2501300,0.3088493)
 (0.1685692,0.3599135)
 (7.9083577E-02,0.3894737)
 (-1.2952739E-02,0.3971879)
 (-0.1025698,0.3839035)
 (-0.1854092,0.3514249)
 (-0.2578434,0.3022673)
 (-0.3170160,0.2394243)
 (-0.3608197,0.1661692)
 (-0.3878273,8.5906826E-02)
 (-0.3972172,2.0881982E-03)
 (-0.3887090,-8.1824154E-02)
 (-0.3625468,-0.1623663)
 (-0.3195166,-0.2360781)
 (-0.2610071,-0.2995395)
 (-0.1890939,-0.3494557)
 (-0.1066009,-0.3828030)
 (-1.7128695E-02,-0.3970289)
 (7.4983008E-02,-0.3902821)
 (0.1647742,-0.3616657)
 (0.2468676,-0.3114616)
 (0.3157555,-0.2413259)
 (0.3661630,-0.1543994)
 (0.3941173,-5.0823376E-02)
 (0.3934603,5.5351622E-02)
 (0.3637358,0.1597520)
 (0.3052931,0.2540759)
 (0.2209888,0.3299127)
 (0.1163422,0.3795392)
 (-5.5934658E-04,0.3968451)
 (-0.1195163,0.3782876)
 (-0.2290731,0.3237524)
 (-0.3177942,0.2371047)
 (-0.3758177,0.1261807)
 (-0.3964065,2.0814822E-03)
 (-0.3771225,-0.1222266)
 (-0.3202679,-0.2337541)
 (-0.2324615,-0.3213291)
 (-0.1234836,-0.3770106)
 (-4.7290362E-03,-0.3968191)
 (0.1123480,-0.3807419)
 (0.2175095,-0.3322184)
 (0.3026070,-0.2572724)
 (0.3620371,-0.1635683)
 (0.3928587,-5.9486248E-02)
 (0.3946319,4.6676472E-02)
 (0.3690905,0.1473378)
 (0.3196961,0.2360927)
 (0.2511524,0.3080014)
 (0.1689008,0.3597229)
 (7.8654028E-02,0.3895079)
 (-1.4014423E-02,0.3970826)
 (-0.1039969,0.3834271)
 (-0.1868791,0.3505214)
 (-0.2590656,0.3010503)
 (-0.3178056,0.2381309)
 (-0.3611385,0.1650861)
 (-0.3877874,8.5289642E-02)
 (-0.3970426,2.0866902E-03)
 (-0.3886632,-8.1208661E-02)
 (-0.3628540,-0.1612809)
 (-0.3202913,-0.2347769)
 (-0.2622154,-0.2983101)
 (-0.1905531,-0.3485367)
 (-0.1080217,-0.3823118)
 (-1.8188737E-02,-0.3969114)
 (7.4553527E-02,-0.3903127)
 (0.1651083,-0.3614777)
 (0.2478986,-0.3106242)
 (0.3171948,-0.2394409)
 (0.3675192,-0.1512106)
 (0.3944216,-4.8649888E-02)
 (0.3930568,5.8505092E-02)
 (0.3621584,0.1634844)
 (0.3023108,0.2577803)
 (0.2167007,0.3329132)
 (0.1111933,0.3812686)
 (-5.8649071E-03,0.3970260)
 (-0.1241949,0.3770578)
 (-0.2325133,0.3216732)
 (-0.3197817,0.2350013)
 (-0.3766431,0.1248744)
 (-0.3967851,2.0842087E-03)
 (-0.3779345,-0.1209106)
 (-0.3222330,-0.2316290)
 (-0.2358803,-0.3192116)
 (-0.1281505,-0.3757328)
 (-1.0037355E-02,-0.3969419)
 (0.1071798,-0.3824172)
 (0.2131901,-0.3351735)
 (0.2995848,-0.2609453)
 (0.3604196,-0.1672834)
 (0.3924207,-6.2635057E-02)
 (0.3949119,4.4499569E-02)
 (0.3695244,0.1462673)
 (0.3197541,0.2359936)
 (0.2504538,0.3085280)
 (0.1672834,0.3604192)
 (7.6192804E-02,0.3899204)
 (-1.7040858E-02,0.3968641)
 (-0.1071794,0.3824178)
 (-0.1897785,0.3487816)
 (-0.2613182,0.2988481)
 (-0.3192112,0.2358802)
 (-0.3617127,0.1632482)
 (-0.3877556,8.4256485E-02)
 (-0.3967842,2.0847588E-03)
 (-0.3886203,-8.0176964E-02)
 (-0.3634088,-0.1594386)
 (-0.3216733,-0.2325130)
 (-0.2644452,-0.2960852)
 (-0.1934339,-0.3467667)
 (-0.1111930,-0.3812690)
 (-2.1211831E-02,-0.3966609)
 (7.2088674E-02,-0.3906986)
 (0.1634841,-0.3621576)
 (0.2471948,-0.3111442)
 (0.3172535,-0.2393421)
 (0.3679634,-0.1501446)
